-34.9583333333	-28.0416666667	46.515914917
-34.875	-28.0416666667	48.3269958496
-34.7916666667	-28.0416666667	47.3009796143
-34.7083333333	-28.0416666667	46.2523040771
-34.625	-28.0416666667	44.0933837891
-34.5416666667	-28.0416666667	42.1148986816
-34.4583333333	-28.0416666667	41.5455627441
-34.375	-28.0416666667	40.7852630615
-34.2916666667	-28.0416666667	40.5487976074
-34.2083333333	-28.0416666667	42.2027740479
-34.125	-28.0416666667	44.8706359863
-34.0416666667	-28.0416666667	43.9115753174
-33.9583333333	-28.0416666667	44.987121582
-33.875	-28.0416666667	44.6679840088
-33.7916666667	-28.0416666667	43.5254211426
-33.7083333333	-28.0416666667	41.0112762451
-33.625	-28.0416666667	39.377746582
-33.5416666667	-28.0416666667	38.5104980469
-33.4583333333	-28.0416666667	35.4604797363
-33.375	-28.0416666667	32.3506164551
-33.2916666667	-28.0416666667	28.6273803711
-33.2083333333	-28.0416666667	34.614730835
-33.125	-28.0416666667	35.1039733887
-33.0416666667	-28.0416666667	39.827331543
-32.9583333333	-28.0416666667	43.0277252197
-32.875	-28.0416666667	45.1820373535
-32.7916666667	-28.0416666667	46.92918396
-32.7083333333	-28.0416666667	46.882019043
-32.625	-28.0416666667	47.7350463867
-32.5416666667	-28.0416666667	46.6420440674
-32.4583333333	-28.0416666667	46.2595977783
-32.375	-28.0416666667	44.9930114746
-32.2916666667	-28.0416666667	41.5448303223
-32.2083333333	-28.0416666667	39.9131469727
-32.125	-28.0416666667	31.5913085938
-32.0416666667	-28.0416666667	22.6695404053
-31.9583333333	-28.0416666667	17.0689086914
-31.875	-28.0416666667	15.5871276855
-31.7916666667	-28.0416666667	16.9588470459
-31.7083333333	-28.0416666667	21.5977325439
-31.625	-28.0416666667	25.3982543945
-31.5416666667	-28.0416666667	25.3307800293
-31.4583333333	-28.0416666667	24.7989654541
-31.375	-28.0416666667	23.6032104492
-31.2916666667	-28.0416666667	23.857925415
-31.2083333333	-28.0416666667	23.4483184814
-31.125	-28.0416666667	25.025390625
-31.0416666667	-28.0416666667	24.0560302734
-34.9583333333	-28.125	45.0483703613
-34.875	-28.125	45.3982543945
-34.7916666667	-28.125	48.0160675049
-34.7083333333	-28.125	46.9762420654
-34.625	-28.125	43.4182128906
-34.5416666667	-28.125	42.3775177002
-34.4583333333	-28.125	42.5660095215
-34.375	-28.125	41.4532775879
-34.2916666667	-28.125	40.8084411621
-34.2083333333	-28.125	39.6357421875
-34.125	-28.125	39.7973480225
-34.0416666667	-28.125	39.9738464355
-33.9583333333	-28.125	40.2443389893
-33.875	-28.125	38.3240966797
-33.7916666667	-28.125	39.8807373047
-33.7083333333	-28.125	38.3796539307
-33.625	-28.125	34.3914337158
-33.5416666667	-28.125	30.7936401367
-33.4583333333	-28.125	25.7959289551
-33.375	-28.125	26.780090332
-33.2916666667	-28.125	27.6007080078
-33.2083333333	-28.125	26.3999938965
-33.125	-28.125	30.401184082
-33.0416666667	-28.125	35.8304443359
-32.9583333333	-28.125	41.8435668945
-32.875	-28.125	41.3659820557
-32.7916666667	-28.125	40.6308288574
-32.7083333333	-28.125	41.0934295654
-32.625	-28.125	41.4533081055
-32.5416666667	-28.125	40.8393859863
-32.4583333333	-28.125	37.2233276367
-32.375	-28.125	36.5184173584
-32.2916666667	-28.125	34.8869781494
-32.2083333333	-28.125	32.3190612793
-32.125	-28.125	24.744354248
-32.0416666667	-28.125	13.4230041504
-31.9583333333	-28.125	9.84593200684
-31.875	-28.125	14.1321716309
-31.7916666667	-28.125	19.2780456543
-31.7083333333	-28.125	23.6016998291
-31.625	-28.125	21.8878479004
-31.5416666667	-28.125	18.1418609619
-31.4583333333	-28.125	14.4952392578
-31.375	-28.125	11.4551696777
-31.2916666667	-28.125	7.50274658203
-31.2083333333	-28.125	6.63888549805
-31.125	-28.125	-0.0220642089844
-31.0416666667	-28.125	-1.04873657227
-34.9583333333	-28.2083333333	41.1956787109
-34.875	-28.2083333333	44.8098754883
-34.7916666667	-28.2083333333	46.6220703125
-34.7083333333	-28.2083333333	45.6278686523
-34.625	-28.2083333333	43.8302612305
-34.5416666667	-28.2083333333	40.8297271729
-34.4583333333	-28.2083333333	40.5232086182
-34.375	-28.2083333333	38.3226165771
-34.2916666667	-28.2083333333	40.5253295898
-34.2083333333	-28.2083333333	36.9806518555
-34.125	-28.2083333333	34.990447998
-34.0416666667	-28.2083333333	36.0456237793
-33.9583333333	-28.2083333333	35.0230712891
-33.875	-28.2083333333	33.3997497559
-33.7916666667	-28.2083333333	37.5096435547
-33.7083333333	-28.2083333333	35.0704498291
-33.625	-28.2083333333	30.3897705078
-33.5416666667	-28.2083333333	27.7048797607
-33.4583333333	-28.2083333333	23.6921386719
-33.375	-28.2083333333	16.6228942871
-33.2916666667	-28.2083333333	18.4974365234
-33.2083333333	-28.2083333333	22.7660522461
-33.125	-28.2083333333	25.0310821533
-33.0416666667	-28.2083333333	26.0502624512
-32.9583333333	-28.2083333333	28.3766174316
-32.875	-28.2083333333	28.4217224121
-32.7916666667	-28.2083333333	25.9005279541
-32.7083333333	-28.2083333333	27.065826416
-32.625	-28.2083333333	30.7154846191
-32.5416666667	-28.2083333333	30.208770752
-32.4583333333	-28.2083333333	29.6385498047
-32.375	-28.2083333333	30.0306854248
-32.2916666667	-28.2083333333	26.5131225586
-32.2083333333	-28.2083333333	25.2575378418
-32.125	-28.2083333333	19.7571563721
-32.0416666667	-28.2083333333	14.6620178223
-31.9583333333	-28.2083333333	15.1461639404
-31.875	-28.2083333333	16.4867858887
-31.7916666667	-28.2083333333	18.1679382324
-31.7083333333	-28.2083333333	19.7024536133
-31.625	-28.2083333333	13.6848144531
-31.5416666667	-28.2083333333	8.89167785645
-31.4583333333	-28.2083333333	2.31657409668
-31.375	-28.2083333333	-7.36990356445
-31.2916666667	-28.2083333333	-11.5370788574
-31.2083333333	-28.2083333333	-10.4244842529
-31.125	-28.2083333333	-16.7735443115
-31.0416666667	-28.2083333333	-27.041053772
-34.9583333333	-28.2916666667	36.849822998
-34.875	-28.2916666667	41.5103759766
-34.7916666667	-28.2916666667	45.0626525879
-34.7083333333	-28.2916666667	45.055267334
-34.625	-28.2916666667	41.2025909424
-34.5416666667	-28.2916666667	39.2075958252
-34.4583333333	-28.2916666667	38.5087280273
-34.375	-28.2916666667	37.4172515869
-34.2916666667	-28.2916666667	37.8416748047
-34.2083333333	-28.2916666667	35.6739807129
-34.125	-28.2916666667	33.08984375
-34.0416666667	-28.2916666667	31.8426208496
-33.9583333333	-28.2916666667	29.6705322266
-33.875	-28.2916666667	29.3560333252
-33.7916666667	-28.2916666667	30.4597473145
-33.7083333333	-28.2916666667	27.2669372559
-33.625	-28.2916666667	23.9487915039
-33.5416666667	-28.2916666667	22.5073242188
-33.4583333333	-28.2916666667	16.3811340332
-33.375	-28.2916666667	5.31704711914
-33.2916666667	-28.2916666667	11.0404663086
-33.2083333333	-28.2916666667	12.0192871094
-33.125	-28.2916666667	13.0103302002
-33.0416666667	-28.2916666667	16.448425293
-32.9583333333	-28.2916666667	20.7062683105
-32.875	-28.2916666667	17.7114868164
-32.7916666667	-28.2916666667	17.7432250977
-32.7083333333	-28.2916666667	19.7303161621
-32.625	-28.2916666667	21.664642334
-32.5416666667	-28.2916666667	22.8420715332
-32.4583333333	-28.2916666667	22.5335998535
-32.375	-28.2916666667	24.1555480957
-32.2916666667	-28.2916666667	18.30128479
-32.2083333333	-28.2916666667	17.4242858887
-32.125	-28.2916666667	15.6430664062
-32.0416666667	-28.2916666667	14.0461578369
-31.9583333333	-28.2916666667	11.5991363525
-31.875	-28.2916666667	11.2442932129
-31.7916666667	-28.2916666667	8.0228729248
-31.7083333333	-28.2916666667	5.62007141113
-31.625	-28.2916666667	-1.31192016602
-31.5416666667	-28.2916666667	-10.7985534668
-31.4583333333	-28.2916666667	-20.2640457153
-31.375	-28.2916666667	-28.5485610962
-31.2916666667	-28.2916666667	-33.5636062622
-31.2083333333	-28.2916666667	-33.0454406738
-31.125	-28.2916666667	-41.628112793
-31.0416666667	-28.2916666667	-46.616355896
-34.9583333333	-28.375	33.6415710449
-34.875	-28.375	38.6528320312
-34.7916666667	-28.375	40.3684692383
-34.7083333333	-28.375	39.5375366211
-34.625	-28.375	38.4217834473
-34.5416666667	-28.375	37.6397705078
-34.4583333333	-28.375	36.2083282471
-34.375	-28.375	37.9720306396
-34.2916666667	-28.375	35.6798400879
-34.2083333333	-28.375	33.6742553711
-34.125	-28.375	29.4301300049
-34.0416666667	-28.375	25.0051269531
-33.9583333333	-28.375	28.9447174072
-33.875	-28.375	26.0252838135
-33.7916666667	-28.375	19.9180145264
-33.7083333333	-28.375	11.0434265137
-33.625	-28.375	7.38369750977
-33.5416666667	-28.375	8.70083618164
-33.4583333333	-28.375	6.87246704102
-33.375	-28.375	-0.813354492188
-33.2916666667	-28.375	-2.60279846191
-33.2083333333	-28.375	1.28689575195
-33.125	-28.375	6.40254211426
-33.0416666667	-28.375	7.58813476562
-32.9583333333	-28.375	6.46569824219
-32.875	-28.375	1.46992492676
-32.7916666667	-28.375	2.94854736328
-32.7083333333	-28.375	5.24281311035
-32.625	-28.375	9.29116821289
-32.5416666667	-28.375	10.2788085938
-32.4583333333	-28.375	11.1270751953
-32.375	-28.375	11.8304748535
-32.2916666667	-28.375	7.79005432129
-32.2083333333	-28.375	8.73785400391
-32.125	-28.375	5.15106201172
-32.0416666667	-28.375	3.70706176758
-31.9583333333	-28.375	-2.43634033203
-31.875	-28.375	-5.66442871094
-31.7916666667	-28.375	-8.75604248047
-31.7083333333	-28.375	-9.93551635742
-31.625	-28.375	-15.6719970703
-31.5416666667	-28.375	-26.3839416504
-31.4583333333	-28.375	-37.7595901489
-31.375	-28.375	-45.1865997314
-31.2916666667	-28.375	-54.0539550781
-31.2083333333	-28.375	-55.8586730957
-31.125	-28.375	-61.125579834
-31.0416666667	-28.375	-61.4380340576
-34.9583333333	-28.4583333333	32.3382873535
-34.875	-28.4583333333	36.8798522949
-34.7916666667	-28.4583333333	38.7689208984
-34.7083333333	-28.4583333333	33.490814209
-34.625	-28.4583333333	34.1757354736
-34.5416666667	-28.4583333333	35.9769744873
-34.4583333333	-28.4583333333	35.3785095215
-34.375	-28.4583333333	36.3178253174
-34.2916666667	-28.4583333333	33.240737915
-34.2083333333	-28.4583333333	30.1977844238
-34.125	-28.4583333333	25.2556762695
-34.0416666667	-28.4583333333	21.3235321045
-33.9583333333	-28.4583333333	21.5951385498
-33.875	-28.4583333333	15.2911224365
-33.7916666667	-28.4583333333	3.42182922363
-33.7083333333	-28.4583333333	-2.34950256348
-33.625	-28.4583333333	-2.14727783203
-33.5416666667	-28.4583333333	-2.00633239746
-33.4583333333	-28.4583333333	-2.83947753906
-33.375	-28.4583333333	-6.22854614258
-33.2916666667	-28.4583333333	-5.94046020508
-33.2083333333	-28.4583333333	-4.87434387207
-33.125	-28.4583333333	-3.33601379395
-33.0416666667	-28.4583333333	-2.32426452637
-32.9583333333	-28.4583333333	-5.79920959473
-32.875	-28.4583333333	-9.15739440918
-32.7916666667	-28.4583333333	-9.79507446289
-32.7083333333	-28.4583333333	-6.99394226074
-32.625	-28.4583333333	-3.8171081543
-32.5416666667	-28.4583333333	-1.94772338867
-32.4583333333	-28.4583333333	-0.596923828125
-32.375	-28.4583333333	-2.96072387695
-32.2916666667	-28.4583333333	-4.88430786133
-32.2083333333	-28.4583333333	-2.11462402344
-32.125	-28.4583333333	-8.57272338867
-32.0416666667	-28.4583333333	-16.3364944458
-31.9583333333	-28.4583333333	-21.706703186
-31.875	-28.4583333333	-23.6318969727
-31.7916666667	-28.4583333333	-30.204864502
-31.7083333333	-28.4583333333	-28.4848709106
-31.625	-28.4583333333	-29.3407440186
-31.5416666667	-28.4583333333	-34.2909545898
-31.4583333333	-28.4583333333	-45.855758667
-31.375	-28.4583333333	-57.8108825684
-31.2916666667	-28.4583333333	-64.1223602295
-31.2083333333	-28.4583333333	-73.4531555176
-31.125	-28.4583333333	-78.7876586914
-31.0416666667	-28.4583333333	-74.43334198
-34.9583333333	-28.5416666667	28.0771026611
-34.875	-28.5416666667	31.257232666
-34.7916666667	-28.5416666667	33.1385955811
-34.7083333333	-28.5416666667	32.1129150391
-34.625	-28.5416666667	29.5287628174
-34.5416666667	-28.5416666667	31.6359863281
-34.4583333333	-28.5416666667	33.2899780273
-34.375	-28.5416666667	30.8941192627
-34.2916666667	-28.5416666667	28.3536376953
-34.2083333333	-28.5416666667	25.1239318848
-34.125	-28.5416666667	20.5322265625
-34.0416666667	-28.5416666667	17.5526580811
-33.9583333333	-28.5416666667	12.1279296875
-33.875	-28.5416666667	2.84255981445
-33.7916666667	-28.5416666667	-4.40939331055
-33.7083333333	-28.5416666667	-4.84970092773
-33.625	-28.5416666667	-5.30282592773
-33.5416666667	-28.5416666667	-2.53768920898
-33.4583333333	-28.5416666667	-8.46643066406
-33.375	-28.5416666667	-13.7110443115
-33.2916666667	-28.5416666667	-11.4270019531
-33.2083333333	-28.5416666667	-11.4967041016
-33.125	-28.5416666667	-10.7410430908
-33.0416666667	-28.5416666667	-11.2276763916
-32.9583333333	-28.5416666667	-15.9633483887
-32.875	-28.5416666667	-20.5580749512
-32.7916666667	-28.5416666667	-21.6029129028
-32.7083333333	-28.5416666667	-18.6461486816
-32.625	-28.5416666667	-16.8648071289
-32.5416666667	-28.5416666667	-13.9021682739
-32.4583333333	-28.5416666667	-14.5950775146
-32.375	-28.5416666667	-14.3289642334
-32.2916666667	-28.5416666667	-17.0013122559
-32.2083333333	-28.5416666667	-21.7746276855
-32.125	-28.5416666667	-24.4029693604
-32.0416666667	-28.5416666667	-32.1457595825
-31.9583333333	-28.5416666667	-39.6304016113
-31.875	-28.5416666667	-45.6321563721
-31.7916666667	-28.5416666667	-47.3643569946
-31.7083333333	-28.5416666667	-46.8870773315
-31.625	-28.5416666667	-50.1705093384
-31.5416666667	-28.5416666667	-56.8426589966
-31.4583333333	-28.5416666667	-59.454788208
-31.375	-28.5416666667	-68.5434417725
-31.2916666667	-28.5416666667	-79.108291626
-31.2083333333	-28.5416666667	-82.4832611084
-31.125	-28.5416666667	-84.8728485107
-31.0416666667	-28.5416666667	-90.635345459
-34.9583333333	-28.625	20.3096313477
-34.875	-28.625	23.1229553223
-34.7916666667	-28.625	23.0383758545
-34.7083333333	-28.625	24.8018798828
-34.625	-28.625	25.0579833984
-34.5416666667	-28.625	25.1149902344
-34.4583333333	-28.625	25.6653747559
-34.375	-28.625	25.6583251953
-34.2916666667	-28.625	24.4486541748
-34.2083333333	-28.625	19.2493591309
-34.125	-28.625	14.8723602295
-34.0416666667	-28.625	12.4639434814
-33.9583333333	-28.625	3.49885559082
-33.875	-28.625	-0.907165527344
-33.7916666667	-28.625	-3.19581604004
-33.7083333333	-28.625	-6.63746643066
-33.625	-28.625	-8.54963684082
-33.5416666667	-28.625	-14.1477050781
-33.4583333333	-28.625	-19.9957351685
-33.375	-28.625	-24.8493804932
-33.2916666667	-28.625	-24.3118362427
-33.2083333333	-28.625	-22.0787124634
-33.125	-28.625	-21.3134460449
-33.0416666667	-28.625	-27.0930023193
-32.9583333333	-28.625	-28.0749816895
-32.875	-28.625	-30.3271484375
-32.7916666667	-28.625	-31.5849151611
-32.7083333333	-28.625	-30.3932876587
-32.625	-28.625	-26.7149810791
-32.5416666667	-28.625	-24.981300354
-32.4583333333	-28.625	-25.811416626
-32.375	-28.625	-24.7907485962
-32.2916666667	-28.625	-24.636505127
-32.2083333333	-28.625	-27.9270935059
-32.125	-28.625	-35.3354415894
-32.0416666667	-28.625	-48.3794555664
-31.9583333333	-28.625	-53.809425354
-31.875	-28.625	-53.7724914551
-31.7916666667	-28.625	-57.6052932739
-31.7083333333	-28.625	-62.9098358154
-31.625	-28.625	-66.7392120361
-31.5416666667	-28.625	-70.9689102173
-31.4583333333	-28.625	-76.0111465454
-31.375	-28.625	-80.8610992432
-31.2916666667	-28.625	-88.1612548828
-31.2083333333	-28.625	-99.3195953369
-31.125	-28.625	-102.251480103
-31.0416666667	-28.625	-107.920379639
-34.9583333333	-28.7083333333	12.7787628174
-34.875	-28.7083333333	16.3871154785
-34.7916666667	-28.7083333333	15.5351257324
-34.7083333333	-28.7083333333	14.1887664795
-34.625	-28.7083333333	17.5251159668
-34.5416666667	-28.7083333333	17.5707092285
-34.4583333333	-28.7083333333	17.4616394043
-34.375	-28.7083333333	16.938659668
-34.2916666667	-28.7083333333	15.596282959
-34.2083333333	-28.7083333333	13.133026123
-34.125	-28.7083333333	8.03787231445
-34.0416666667	-28.7083333333	6.98391723633
-33.9583333333	-28.7083333333	2.77606201172
-33.875	-28.7083333333	-2.32754516602
-33.7916666667	-28.7083333333	-5.28161621094
-33.7083333333	-28.7083333333	-9.103515625
-33.625	-28.7083333333	-14.8565826416
-33.5416666667	-28.7083333333	-24.3442230225
-33.4583333333	-28.7083333333	-36.2200775146
-33.375	-28.7083333333	-38.6091003418
-33.2916666667	-28.7083333333	-40.9067230225
-33.2083333333	-28.7083333333	-42.5025024414
-33.125	-28.7083333333	-40.0195465088
-33.0416666667	-28.7083333333	-45.8374099731
-32.9583333333	-28.7083333333	-45.1319351196
-32.875	-28.7083333333	-41.2443695068
-32.7916666667	-28.7083333333	-40.1021499634
-32.7083333333	-28.7083333333	-41.3003997803
-32.625	-28.7083333333	-42.4809646606
-32.5416666667	-28.7083333333	-39.1857757568
-32.4583333333	-28.7083333333	-40.0611343384
-32.375	-28.7083333333	-38.6382751465
-32.2916666667	-28.7083333333	-36.897315979
-32.2083333333	-28.7083333333	-43.3077545166
-32.125	-28.7083333333	-43.0490722656
-32.0416666667	-28.7083333333	-53.1104431152
-31.9583333333	-28.7083333333	-60.6570510864
-31.875	-28.7083333333	-62.0081481934
-31.7916666667	-28.7083333333	-62.8346862793
-31.7083333333	-28.7083333333	-69.1084594727
-31.625	-28.7083333333	-77.0972213745
-31.5416666667	-28.7083333333	-81.4587554932
-31.4583333333	-28.7083333333	-90.5100860596
-31.375	-28.7083333333	-95.5168609619
-31.2916666667	-28.7083333333	-103.234207153
-31.2083333333	-28.7083333333	-107.231826782
-31.125	-28.7083333333	-111.427642822
-31.0416666667	-28.7083333333	-118.30632019
-34.9583333333	-28.7916666667	5.95468139648
-34.875	-28.7916666667	5.95935058594
-34.7916666667	-28.7916666667	5.19989013672
-34.7083333333	-28.7916666667	3.21102905273
-34.625	-28.7916666667	6.07598876953
-34.5416666667	-28.7916666667	7.49571228027
-34.4583333333	-28.7916666667	6.82089233398
-34.375	-28.7916666667	6.92930603027
-34.2916666667	-28.7916666667	7.74987792969
-34.2083333333	-28.7916666667	4.86227416992
-34.125	-28.7916666667	3.08148193359
-34.0416666667	-28.7916666667	2.19903564453
-33.9583333333	-28.7916666667	-3.06178283691
-33.875	-28.7916666667	-8.83233642578
-33.7916666667	-28.7916666667	-13.0818481445
-33.7083333333	-28.7916666667	-17.6199645996
-33.625	-28.7916666667	-27.1485290527
-33.5416666667	-28.7916666667	-34.9548950195
-33.4583333333	-28.7916666667	-43.5560379028
-33.375	-28.7916666667	-48.5993118286
-33.2916666667	-28.7916666667	-51.7537994385
-33.2083333333	-28.7916666667	-53.7766418457
-33.125	-28.7916666667	-55.3183898926
-33.0416666667	-28.7916666667	-60.2239990234
-32.9583333333	-28.7916666667	-60.7797393799
-32.875	-28.7916666667	-65.8347854614
-32.7916666667	-28.7916666667	-62.5542449951
-32.7083333333	-28.7916666667	-63.5565795898
-32.625	-28.7916666667	-63.3112258911
-32.5416666667	-28.7916666667	-64.7727432251
-32.4583333333	-28.7916666667	-62.8970336914
-32.375	-28.7916666667	-55.3582458496
-32.2916666667	-28.7916666667	-55.4799499512
-32.2083333333	-28.7916666667	-53.3723220825
-32.125	-28.7916666667	-49.0876312256
-32.0416666667	-28.7916666667	-47.9482116699
-31.9583333333	-28.7916666667	-52.252822876
-31.875	-28.7916666667	-53.4670791626
-31.7916666667	-28.7916666667	-61.3498840332
-31.7083333333	-28.7916666667	-70.4819793701
-31.625	-28.7916666667	-76.5251312256
-31.5416666667	-28.7916666667	-86.7624206543
-31.4583333333	-28.7916666667	-95.7614898682
-31.375	-28.7916666667	-103.580764771
-31.2916666667	-28.7916666667	-110.163711548
-31.2083333333	-28.7916666667	-112.840942383
-31.125	-28.7916666667	-114.449203491
-31.0416666667	-28.7916666667	-117.464645386
-34.9583333333	-28.875	-3.74201965332
-34.875	-28.875	-4.84599304199
-34.7916666667	-28.875	-3.54209899902
-34.7083333333	-28.875	-4.54183959961
-34.625	-28.875	-5.48327636719
-34.5416666667	-28.875	-5.26193237305
-34.4583333333	-28.875	-5.77798461914
-34.375	-28.875	-5.0265045166
-34.2916666667	-28.875	-3.24002075195
-34.2083333333	-28.875	-3.59051513672
-34.125	-28.875	-2.54489135742
-34.0416666667	-28.875	-2.35885620117
-33.9583333333	-28.875	-5.65467834473
-33.875	-28.875	-11.9971160889
-33.7916666667	-28.875	-18.5382080078
-33.7083333333	-28.875	-25.0609741211
-33.625	-28.875	-34.4901123047
-33.5416666667	-28.875	-42.8832550049
-33.4583333333	-28.875	-50.8874511719
-33.375	-28.875	-52.8112564087
-33.2916666667	-28.875	-54.9657974243
-33.2083333333	-28.875	-58.8744430542
-33.125	-28.875	-65.1889801025
-33.0416666667	-28.875	-66.6556472778
-32.9583333333	-28.875	-72.5038299561
-32.875	-28.875	-78.341217041
-32.7916666667	-28.875	-81.183052063
-32.7083333333	-28.875	-79.7005386353
-32.625	-28.875	-75.6034545898
-32.5416666667	-28.875	-74.6899414062
-32.4583333333	-28.875	-71.3555450439
-32.375	-28.875	-65.5063934326
-32.2916666667	-28.875	-61.9337234497
-32.2083333333	-28.875	-53.2562561035
-32.125	-28.875	-45.4580535889
-32.0416666667	-28.875	-43.1113586426
-31.9583333333	-28.875	-45.7673797607
-31.875	-28.875	-49.6266937256
-31.7916666667	-28.875	-53.1060562134
-31.7083333333	-28.875	-60.6526260376
-31.625	-28.875	-73.0770568848
-31.5416666667	-28.875	-77.3625183105
-31.4583333333	-28.875	-88.2221069336
-31.375	-28.875	-99.5009613037
-31.2916666667	-28.875	-107.353881836
-31.2083333333	-28.875	-112.055175781
-31.125	-28.875	-115.283477783
-31.0416666667	-28.875	-114.382354736
-34.9583333333	-28.9583333333	-11.8458557129
-34.875	-28.9583333333	-14.860748291
-34.7916666667	-28.9583333333	-12.8627471924
-34.7083333333	-28.9583333333	-16.2655639648
-34.625	-28.9583333333	-18.5723266602
-34.5416666667	-28.9583333333	-16.5863647461
-34.4583333333	-28.9583333333	-16.4684753418
-34.375	-28.9583333333	-16.6093444824
-34.2916666667	-28.9583333333	-12.6377258301
-34.2083333333	-28.9583333333	-12.1656036377
-34.125	-28.9583333333	-9.2389831543
-34.0416666667	-28.9583333333	-6.28309631348
-33.9583333333	-28.9583333333	-4.88514709473
-33.875	-28.9583333333	-16.3872680664
-33.7916666667	-28.9583333333	-20.9264373779
-33.7083333333	-28.9583333333	-19.8021087646
-33.625	-28.9583333333	-34.4373016357
-33.5416666667	-28.9583333333	-46.1446838379
-33.4583333333	-28.9583333333	-52.3160705566
-33.375	-28.9583333333	-56.7462310791
-33.2916666667	-28.9583333333	-59.6199493408
-33.2083333333	-28.9583333333	-64.8465957642
-33.125	-28.9583333333	-74.6492462158
-33.0416666667	-28.9583333333	-76.6376342773
-32.9583333333	-28.9583333333	-77.9571990967
-32.875	-28.9583333333	-84.9368438721
-32.7916666667	-28.9583333333	-85.942024231
-32.7083333333	-28.9583333333	-84.1953811646
-32.625	-28.9583333333	-81.7891235352
-32.5416666667	-28.9583333333	-76.871925354
-32.4583333333	-28.9583333333	-72.4881134033
-32.375	-28.9583333333	-65.7947998047
-32.2916666667	-28.9583333333	-55.2399139404
-32.2083333333	-28.9583333333	-42.4783477783
-32.125	-28.9583333333	-34.2770385742
-32.0416666667	-28.9583333333	-41.9205474854
-31.9583333333	-28.9583333333	-41.9025421143
-31.875	-28.9583333333	-42.5867919922
-31.7916666667	-28.9583333333	-46.1228408813
-31.7083333333	-28.9583333333	-56.7698974609
-31.625	-28.9583333333	-65.8280944824
-31.5416666667	-28.9583333333	-72.0511550903
-31.4583333333	-28.9583333333	-78.486579895
-31.375	-28.9583333333	-95.5523071289
-31.2916666667	-28.9583333333	-105.96887207
-31.2083333333	-28.9583333333	-111.31803894
-31.125	-28.9583333333	-116.337692261
-31.0416666667	-28.9583333333	-115.323707581
-34.9583333333	-29.0416666667	-20.5644989014
-34.875	-29.0416666667	-21.9972381592
-34.7916666667	-29.0416666667	-26.7966003418
-34.7083333333	-29.0416666667	-30.9059906006
-34.625	-29.0416666667	-33.6680374146
-34.5416666667	-29.0416666667	-33.4646148682
-34.4583333333	-29.0416666667	-30.2530212402
-34.375	-29.0416666667	-28.7492523193
-34.2916666667	-29.0416666667	-23.2619781494
-34.2083333333	-29.0416666667	-20.8941955566
-34.125	-29.0416666667	-17.4672698975
-34.0416666667	-29.0416666667	-11.825378418
-33.9583333333	-29.0416666667	-9.56492614746
-33.875	-29.0416666667	-23.1671600342
-33.7916666667	-29.0416666667	-23.5210571289
-33.7083333333	-29.0416666667	-22.036315918
-33.625	-29.0416666667	-33.128692627
-33.5416666667	-29.0416666667	-45.7218780518
-33.4583333333	-29.0416666667	-52.280921936
-33.375	-29.0416666667	-57.2196807861
-33.2916666667	-29.0416666667	-61.5924301147
-33.2083333333	-29.0416666667	-64.8357467651
-33.125	-29.0416666667	-72.0584335327
-33.0416666667	-29.0416666667	-80.4370040894
-32.9583333333	-29.0416666667	-85.1703338623
-32.875	-29.0416666667	-87.1462097168
-32.7916666667	-29.0416666667	-86.9961853027
-32.7083333333	-29.0416666667	-87.177734375
-32.625	-29.0416666667	-83.1050872803
-32.5416666667	-29.0416666667	-78.8115997314
-32.4583333333	-29.0416666667	-75.4127578735
-32.375	-29.0416666667	-72.3497619629
-32.2916666667	-29.0416666667	-61.5964126587
-32.2083333333	-29.0416666667	-43.9313812256
-32.125	-29.0416666667	-37.5938720703
-32.0416666667	-29.0416666667	-41.9064941406
-31.9583333333	-29.0416666667	-37.0309448242
-31.875	-29.0416666667	-37.4652404785
-31.7916666667	-29.0416666667	-44.1571960449
-31.7083333333	-29.0416666667	-53.6151504517
-31.625	-29.0416666667	-61.0702362061
-31.5416666667	-29.0416666667	-67.6764068604
-31.4583333333	-29.0416666667	-76.0300750732
-31.375	-29.0416666667	-91.7051773071
-31.2916666667	-29.0416666667	-103.440032959
-31.2083333333	-29.0416666667	-106.267227173
-31.125	-29.0416666667	-107.119400024
-31.0416666667	-29.0416666667	-105.266525269
-34.9583333333	-29.125	-25.8653564453
-34.875	-29.125	-30.8018798828
-34.7916666667	-29.125	-37.6909179688
-34.7083333333	-29.125	-45.8255462646
-34.625	-29.125	-51.8779449463
-34.5416666667	-29.125	-48.7378311157
-34.4583333333	-29.125	-46.7617645264
-34.375	-29.125	-41.0407562256
-34.2916666667	-29.125	-37.2612457275
-34.2083333333	-29.125	-31.0320892334
-34.125	-29.125	-26.9312438965
-34.0416666667	-29.125	-21.348236084
-33.9583333333	-29.125	-17.782409668
-33.875	-29.125	-21.6277160645
-33.7916666667	-29.125	-24.2192077637
-33.7083333333	-29.125	-22.9156799316
-33.625	-29.125	-33.7464065552
-33.5416666667	-29.125	-42.0456924438
-33.4583333333	-29.125	-50.8504714966
-33.375	-29.125	-56.1321411133
-33.2916666667	-29.125	-60.5685424805
-33.2083333333	-29.125	-64.2373657227
-33.125	-29.125	-68.1522216797
-33.0416666667	-29.125	-76.4296340942
-32.9583333333	-29.125	-82.1970062256
-32.875	-29.125	-86.4167251587
-32.7916666667	-29.125	-85.966796875
-32.7083333333	-29.125	-86.0176467896
-32.625	-29.125	-86.6588897705
-32.5416666667	-29.125	-83.8491821289
-32.4583333333	-29.125	-78.9833755493
-32.375	-29.125	-77.8190612793
-32.2916666667	-29.125	-54.7422485352
-32.2083333333	-29.125	-36.9119644165
-32.125	-29.125	-35.1139678955
-32.0416666667	-29.125	-34.4699707031
-31.9583333333	-29.125	-27.6456604004
-31.875	-29.125	-27.6476745605
-31.7916666667	-29.125	-29.981086731
-31.7083333333	-29.125	-43.0784301758
-31.625	-29.125	-52.9715957642
-31.5416666667	-29.125	-65.3618164062
-31.4583333333	-29.125	-73.0896377563
-31.375	-29.125	-82.0640182495
-31.2916666667	-29.125	-90.0395812988
-31.2083333333	-29.125	-93.261138916
-31.125	-29.125	-90.4548797607
-31.0416666667	-29.125	-87.4109039307
-34.9583333333	-29.2083333333	-33.0509490967
-34.875	-29.2083333333	-38.3984985352
-34.7916666667	-29.2083333333	-48.3953933716
-34.7083333333	-29.2083333333	-55.1839447021
-34.625	-29.2083333333	-63.1804275513
-34.5416666667	-29.2083333333	-59.8605041504
-34.4583333333	-29.2083333333	-59.9912567139
-34.375	-29.2083333333	-53.6264648438
-34.2916666667	-29.2083333333	-49.1273269653
-34.2083333333	-29.2083333333	-43.2734451294
-34.125	-29.2083333333	-34.4100036621
-34.0416666667	-29.2083333333	-27.0728302002
-33.9583333333	-29.2083333333	-18.7001037598
-33.875	-29.2083333333	-15.8274688721
-33.7916666667	-29.2083333333	-22.8756408691
-33.7083333333	-29.2083333333	-27.0234069824
-33.625	-29.2083333333	-33.7164459229
-33.5416666667	-29.2083333333	-38.656829834
-33.4583333333	-29.2083333333	-47.0071792603
-33.375	-29.2083333333	-51.3788452148
-33.2916666667	-29.2083333333	-54.9788665771
-33.2083333333	-29.2083333333	-58.7817993164
-33.125	-29.2083333333	-61.4774932861
-33.0416666667	-29.2083333333	-67.7607269287
-32.9583333333	-29.2083333333	-71.5711746216
-32.875	-29.2083333333	-76.2323684692
-32.7916666667	-29.2083333333	-85.6425247192
-32.7083333333	-29.2083333333	-89.8472976685
-32.625	-29.2083333333	-90.8895568848
-32.5416666667	-29.2083333333	-83.9609603882
-32.4583333333	-29.2083333333	-82.4778594971
-32.375	-29.2083333333	-72.5895080566
-32.2916666667	-29.2083333333	-54.4762954712
-32.2083333333	-29.2083333333	-30.9485473633
-32.125	-29.2083333333	-30.7252044678
-32.0416666667	-29.2083333333	-22.9664306641
-31.9583333333	-29.2083333333	-18.2288513184
-31.875	-29.2083333333	-15.3591766357
-31.7916666667	-29.2083333333	-22.8852844238
-31.7083333333	-29.2083333333	-30.7332611084
-31.625	-29.2083333333	-41.8224029541
-31.5416666667	-29.2083333333	-47.2367324829
-31.4583333333	-29.2083333333	-56.9335174561
-31.375	-29.2083333333	-67.5056838989
-31.2916666667	-29.2083333333	-74.0331268311
-31.2083333333	-29.2083333333	-74.2148284912
-31.125	-29.2083333333	-72.2355422974
-31.0416666667	-29.2083333333	-69.270614624
-34.9583333333	-29.2916666667	-42.8456573486
-34.875	-29.2916666667	-51.0898513794
-34.7916666667	-29.2916666667	-59.1772918701
-34.7083333333	-29.2916666667	-67.8528900146
-34.625	-29.2916666667	-71.9585952759
-34.5416666667	-29.2916666667	-73.7201385498
-34.4583333333	-29.2916666667	-68.7582092285
-34.375	-29.2916666667	-64.1705703735
-34.2916666667	-29.2916666667	-58.2959976196
-34.2083333333	-29.2916666667	-51.6913223267
-34.125	-29.2916666667	-43.2690811157
-34.0416666667	-29.2916666667	-36.3237457275
-33.9583333333	-29.2916666667	-27.3283538818
-33.875	-29.2916666667	-24.0538787842
-33.7916666667	-29.2916666667	-27.294708252
-33.7083333333	-29.2916666667	-30.0964813232
-33.625	-29.2916666667	-28.4342041016
-33.5416666667	-29.2916666667	-31.056350708
-33.4583333333	-29.2916666667	-40.7106781006
-33.375	-29.2916666667	-46.5486907959
-33.2916666667	-29.2916666667	-49.4095535278
-33.2083333333	-29.2916666667	-52.8034057617
-33.125	-29.2916666667	-55.5080947876
-33.0416666667	-29.2916666667	-59.1169509888
-32.9583333333	-29.2916666667	-62.2088470459
-32.875	-29.2916666667	-67.5813369751
-32.7916666667	-29.2916666667	-74.3897781372
-32.7083333333	-29.2916666667	-85.0540924072
-32.625	-29.2916666667	-89.7973632812
-32.5416666667	-29.2916666667	-81.5995864868
-32.4583333333	-29.2916666667	-72.3815994263
-32.375	-29.2916666667	-65.7843933105
-32.2916666667	-29.2916666667	-48.1307678223
-32.2083333333	-29.2916666667	-22.07862854
-32.125	-29.2916666667	-20.8668518066
-32.0416666667	-29.2916666667	-12.8774414062
-31.9583333333	-29.2916666667	-5.03379821777
-31.875	-29.2916666667	-4.89370727539
-31.7916666667	-29.2916666667	-6.12609863281
-31.7083333333	-29.2916666667	-13.158782959
-31.625	-29.2916666667	-21.0542297363
-31.5416666667	-29.2916666667	-25.502822876
-31.4583333333	-29.2916666667	-39.7729797363
-31.375	-29.2916666667	-52.2027130127
-31.2916666667	-29.2916666667	-55.731880188
-31.2083333333	-29.2916666667	-57.5788345337
-31.125	-29.2916666667	-59.2540130615
-31.0416666667	-29.2916666667	-57.0077972412
-34.9583333333	-29.375	-51.7232437134
-34.875	-29.375	-60.2185440063
-34.7916666667	-29.375	-71.0880813599
-34.7083333333	-29.375	-78.8937759399
-34.625	-29.375	-82.0870819092
-34.5416666667	-29.375	-83.7600784302
-34.4583333333	-29.375	-83.7971954346
-34.375	-29.375	-76.1089248657
-34.2916666667	-29.375	-68.1343154907
-34.2083333333	-29.375	-62.6337966919
-34.125	-29.375	-54.7644042969
-34.0416666667	-29.375	-48.2957458496
-33.9583333333	-29.375	-40.2463989258
-33.875	-29.375	-35.2580947876
-33.7916666667	-29.375	-37.9952087402
-33.7083333333	-29.375	-37.6461791992
-33.625	-29.375	-32.8174514771
-33.5416666667	-29.375	-27.8070755005
-33.4583333333	-29.375	-32.4253692627
-33.375	-29.375	-40.4929504395
-33.2916666667	-29.375	-41.185836792
-33.2083333333	-29.375	-45.6576385498
-33.125	-29.375	-50.1320495605
-33.0416666667	-29.375	-51.8265075684
-32.9583333333	-29.375	-59.0799636841
-32.875	-29.375	-65.4301528931
-32.7916666667	-29.375	-68.5397491455
-32.7083333333	-29.375	-73.4319000244
-32.625	-29.375	-78.1993789673
-32.5416666667	-29.375	-73.2515411377
-32.4583333333	-29.375	-62.4278411865
-32.375	-29.375	-54.9185638428
-32.2916666667	-29.375	-34.72215271
-32.2083333333	-29.375	-14.7358703613
-32.125	-29.375	-9.01112365723
-32.0416666667	-29.375	-10.3893890381
-31.9583333333	-29.375	-2.42907714844
-31.875	-29.375	4.43208312988
-31.7916666667	-29.375	3.89791870117
-31.7083333333	-29.375	5.7346496582
-31.625	-29.375	2.11126708984
-31.5416666667	-29.375	-7.74844360352
-31.4583333333	-29.375	-15.435218811
-31.375	-29.375	-29.5449066162
-31.2916666667	-29.375	-38.863067627
-31.2083333333	-29.375	-38.7460021973
-31.125	-29.375	-37.7840576172
-31.0416666667	-29.375	-33.8093338013
-34.9583333333	-29.4583333333	-60.122505188
-34.875	-29.4583333333	-70.3957519531
-34.7916666667	-29.4583333333	-82.0115661621
-34.7083333333	-29.4583333333	-86.7484817505
-34.625	-29.4583333333	-88.2214050293
-34.5416666667	-29.4583333333	-94.1111755371
-34.4583333333	-29.4583333333	-93.3294372559
-34.375	-29.4583333333	-89.1364517212
-34.2916666667	-29.4583333333	-76.7118911743
-34.2083333333	-29.4583333333	-70.7565002441
-34.125	-29.4583333333	-66.0226593018
-34.0416666667	-29.4583333333	-55.5463562012
-33.9583333333	-29.4583333333	-46.5983047485
-33.875	-29.4583333333	-43.4075012207
-33.7916666667	-29.4583333333	-41.2530899048
-33.7083333333	-29.4583333333	-43.195098877
-33.625	-29.4583333333	-40.1523742676
-33.5416666667	-29.4583333333	-32.4532318115
-33.4583333333	-29.4583333333	-33.1646728516
-33.375	-29.4583333333	-36.1718215942
-33.2916666667	-29.4583333333	-34.7947845459
-33.2083333333	-29.4583333333	-35.6354827881
-33.125	-29.4583333333	-37.8755264282
-33.0416666667	-29.4583333333	-44.2272491455
-32.9583333333	-29.4583333333	-51.3155975342
-32.875	-29.4583333333	-57.3681411743
-32.7916666667	-29.4583333333	-62.0476379395
-32.7083333333	-29.4583333333	-64.3997039795
-32.625	-29.4583333333	-67.655128479
-32.5416666667	-29.4583333333	-66.9993286133
-32.4583333333	-29.4583333333	-55.6221389771
-32.375	-29.4583333333	-43.5962982178
-32.2916666667	-29.4583333333	-25.0648803711
-32.2083333333	-29.4583333333	-15.5486450195
-32.125	-29.4583333333	2.53422546387
-32.0416666667	-29.4583333333	-3.31227111816
-31.9583333333	-29.4583333333	-1.44854736328
-31.875	-29.4583333333	2.88662719727
-31.7916666667	-29.4583333333	5.63812255859
-31.7083333333	-29.4583333333	11.5534362793
-31.625	-29.4583333333	14.5243682861
-31.5416666667	-29.4583333333	8.55030822754
-31.4583333333	-29.4583333333	-0.468444824219
-31.375	-29.4583333333	-11.462890625
-31.2916666667	-29.4583333333	-15.519317627
-31.2083333333	-29.4583333333	-16.912322998
-31.125	-29.4583333333	-18.0834655762
-31.0416666667	-29.4583333333	-14.4258117676
-34.9583333333	-29.5416666667	-70.5963363647
-34.875	-29.5416666667	-77.415435791
-34.7916666667	-29.5416666667	-88.6215667725
-34.7083333333	-29.5416666667	-98.9272232056
-34.625	-29.5416666667	-104.126869202
-34.5416666667	-29.5416666667	-104.624702454
-34.4583333333	-29.5416666667	-101.331764221
-34.375	-29.5416666667	-99.3479156494
-34.2916666667	-29.5416666667	-88.9817199707
-34.2083333333	-29.5416666667	-81.1112976074
-34.125	-29.5416666667	-76.0952453613
-34.0416666667	-29.5416666667	-64.9605178833
-33.9583333333	-29.5416666667	-56.1220855713
-33.875	-29.5416666667	-50.8486328125
-33.7916666667	-29.5416666667	-43.5025024414
-33.7083333333	-29.5416666667	-44.9606399536
-33.625	-29.5416666667	-42.1443786621
-33.5416666667	-29.5416666667	-42.5382156372
-33.4583333333	-29.5416666667	-37.1988372803
-33.375	-29.5416666667	-35.3434829712
-33.2916666667	-29.5416666667	-33.2175979614
-33.2083333333	-29.5416666667	-28.4025421143
-33.125	-29.5416666667	-29.2646255493
-33.0416666667	-29.5416666667	-35.0128250122
-32.9583333333	-29.5416666667	-39.3237457275
-32.875	-29.5416666667	-46.3723831177
-32.7916666667	-29.5416666667	-49.9437561035
-32.7083333333	-29.5416666667	-53.9502639771
-32.625	-29.5416666667	-52.6481323242
-32.5416666667	-29.5416666667	-49.5297927856
-32.4583333333	-29.5416666667	-39.0264968872
-32.375	-29.5416666667	-27.8352508545
-32.2916666667	-29.5416666667	-17.4284515381
-32.2083333333	-29.5416666667	-5.10966491699
-32.125	-29.5416666667	5.99241638184
-32.0416666667	-29.5416666667	3.51754760742
-31.9583333333	-29.5416666667	-5.67327880859
-31.875	-29.5416666667	-3.58361816406
-31.7916666667	-29.5416666667	-2.39846801758
-31.7083333333	-29.5416666667	8.23126220703
-31.625	-29.5416666667	12.4041137695
-31.5416666667	-29.5416666667	16.0670318604
-31.4583333333	-29.5416666667	11.2944030762
-31.375	-29.5416666667	3.96597290039
-31.2916666667	-29.5416666667	0.566116333008
-31.2083333333	-29.5416666667	-1.19473266602
-31.125	-29.5416666667	-1.22366333008
-31.0416666667	-29.5416666667	1.50592041016
-34.9583333333	-29.625	-85.2630691528
-34.875	-29.625	-89.1106567383
-34.7916666667	-29.625	-100.382118225
-34.7083333333	-29.625	-112.323226929
-34.625	-29.625	-118.341384888
-34.5416666667	-29.625	-117.87979126
-34.4583333333	-29.625	-114.931564331
-34.375	-29.625	-110.001159668
-34.2916666667	-29.625	-100.402496338
-34.2083333333	-29.625	-91.8260040283
-34.125	-29.625	-86.6165542603
-34.0416666667	-29.625	-76.1748352051
-33.9583333333	-29.625	-65.3295898438
-33.875	-29.625	-57.4805450439
-33.7916666667	-29.625	-47.6699905396
-33.7083333333	-29.625	-43.9382400513
-33.625	-29.625	-44.955947876
-33.5416666667	-29.625	-41.5189285278
-33.4583333333	-29.625	-35.5707397461
-33.375	-29.625	-35.0046234131
-33.2916666667	-29.625	-32.8996963501
-33.2083333333	-29.625	-29.2295532227
-33.125	-29.625	-27.1683807373
-33.0416666667	-29.625	-29.9998321533
-32.9583333333	-29.625	-30.4350357056
-32.875	-29.625	-35.3105545044
-32.7916666667	-29.625	-37.4836807251
-32.7083333333	-29.625	-44.4289855957
-32.625	-29.625	-41.8071975708
-32.5416666667	-29.625	-37.9986724854
-32.4583333333	-29.625	-31.3072967529
-32.375	-29.625	-20.098274231
-32.2916666667	-29.625	-5.75262451172
-32.2083333333	-29.625	3.2746887207
-32.125	-29.625	10.8221130371
-32.0416666667	-29.625	9.45867919922
-31.9583333333	-29.625	0.0913391113281
-31.875	-29.625	-6.19003295898
-31.7916666667	-29.625	-11.1676940918
-31.7083333333	-29.625	0.667526245117
-31.625	-29.625	9.96043395996
-31.5416666667	-29.625	12.1530303955
-31.4583333333	-29.625	11.8329467773
-31.375	-29.625	9.95883178711
-31.2916666667	-29.625	8.39828491211
-31.2083333333	-29.625	7.3373260498
-31.125	-29.625	7.11616516113
-31.0416666667	-29.625	9.04968261719
-34.9583333333	-29.7083333333	-100.848373413
-34.875	-29.7083333333	-106.466598511
-34.7916666667	-29.7083333333	-113.3959198
-34.7083333333	-29.7083333333	-122.290420532
-34.625	-29.7083333333	-128.597702026
-34.5416666667	-29.7083333333	-130.002502441
-34.4583333333	-29.7083333333	-122.673751831
-34.375	-29.7083333333	-120.874893188
-34.2916666667	-29.7083333333	-114.727157593
-34.2083333333	-29.7083333333	-104.128479004
-34.125	-29.7083333333	-97.2534561157
-34.0416666667	-29.7083333333	-87.3861541748
-33.9583333333	-29.7083333333	-74.5925369263
-33.875	-29.7083333333	-65.8321075439
-33.7916666667	-29.7083333333	-53.8122406006
-33.7083333333	-29.7083333333	-46.9140014648
-33.625	-29.7083333333	-43.0973892212
-33.5416666667	-29.7083333333	-37.8086395264
-33.4583333333	-29.7083333333	-32.4612884521
-33.375	-29.7083333333	-31.7139129639
-33.2916666667	-29.7083333333	-29.864654541
-33.2083333333	-29.7083333333	-29.8881912231
-33.125	-29.7083333333	-24.7695159912
-33.0416666667	-29.7083333333	-25.7841873169
-32.9583333333	-29.7083333333	-25.0617752075
-32.875	-29.7083333333	-29.5063934326
-32.7916666667	-29.7083333333	-29.7498855591
-32.7083333333	-29.7083333333	-31.1292114258
-32.625	-29.7083333333	-32.274520874
-32.5416666667	-29.7083333333	-31.0861816406
-32.4583333333	-29.7083333333	-28.3203125
-32.375	-29.7083333333	-17.280090332
-32.2916666667	-29.7083333333	-4.93176269531
-32.2083333333	-29.7083333333	7.77041625977
-32.125	-29.7083333333	14.6667175293
-32.0416666667	-29.7083333333	13.6480712891
-31.9583333333	-29.7083333333	5.79681396484
-31.875	-29.7083333333	-6.84176635742
-31.7916666667	-29.7083333333	-32.8127593994
-31.7083333333	-29.7083333333	-16.193069458
-31.625	-29.7083333333	-0.0530548095703
-31.5416666667	-29.7083333333	5.4927520752
-31.4583333333	-29.7083333333	7.35586547852
-31.375	-29.7083333333	9.93258666992
-31.2916666667	-29.7083333333	10.455871582
-31.2083333333	-29.7083333333	8.50326538086
-31.125	-29.7083333333	4.94708251953
-31.0416666667	-29.7083333333	9.45083618164
-34.9583333333	-29.7916666667	-107.837554932
-34.875	-29.7916666667	-116.568756104
-34.7916666667	-29.7916666667	-125.478393555
-34.7083333333	-29.7916666667	-132.225646973
-34.625	-29.7916666667	-136.148025513
-34.5416666667	-29.7916666667	-142.340438843
-34.4583333333	-29.7916666667	-138.290267944
-34.375	-29.7916666667	-133.494094849
-34.2916666667	-29.7916666667	-129.713638306
-34.2083333333	-29.7916666667	-119.272766113
-34.125	-29.7916666667	-107.33316803
-34.0416666667	-29.7916666667	-95.6631698608
-33.9583333333	-29.7916666667	-84.4508514404
-33.875	-29.7916666667	-76.5279693604
-33.7916666667	-29.7916666667	-69.8583374023
-33.7083333333	-29.7916666667	-58.3746109009
-33.625	-29.7916666667	-53.2905273438
-33.5416666667	-29.7916666667	-46.0266113281
-33.4583333333	-29.7916666667	-39.5829315186
-33.375	-29.7916666667	-33.8156585693
-33.2916666667	-29.7916666667	-28.0583343506
-33.2083333333	-29.7916666667	-26.5902252197
-33.125	-29.7916666667	-22.8061065674
-33.0416666667	-29.7916666667	-23.5079116821
-32.9583333333	-29.7916666667	-20.8659820557
-32.875	-29.7916666667	-26.4183349609
-32.7916666667	-29.7916666667	-27.5185852051
-32.7083333333	-29.7916666667	-24.1245422363
-32.625	-29.7916666667	-23.9250488281
-32.5416666667	-29.7916666667	-26.6144104004
-32.4583333333	-29.7916666667	-26.3981933594
-32.375	-29.7916666667	-17.1498413086
-32.2916666667	-29.7916666667	-3.98773193359
-32.2083333333	-29.7916666667	3.59117126465
-32.125	-29.7916666667	14.540512085
-32.0416666667	-29.7916666667	18.3368835449
-31.9583333333	-29.7916666667	9.37484741211
-31.875	-29.7916666667	0.970367431641
-31.7916666667	-29.7916666667	-3.89613342285
-31.7083333333	-29.7916666667	-15.4864654541
-31.625	-29.7916666667	-6.50798034668
-31.5416666667	-29.7916666667	1.05784606934
-31.4583333333	-29.7916666667	8.63522338867
-31.375	-29.7916666667	13.7988891602
-31.2916666667	-29.7916666667	14.5791931152
-31.2083333333	-29.7916666667	8.98284912109
-31.125	-29.7916666667	-0.447723388672
-31.0416666667	-29.7916666667	5.87188720703
-34.9583333333	-29.875	-116.261413574
-34.875	-29.875	-126.882125854
-34.7916666667	-29.875	-132.93586731
-34.7083333333	-29.875	-136.586975098
-34.625	-29.875	-144.378097534
-34.5416666667	-29.875	-150.083389282
-34.4583333333	-29.875	-151.462356567
-34.375	-29.875	-146.599746704
-34.2916666667	-29.875	-144.465988159
-34.2083333333	-29.875	-133.818054199
-34.125	-29.875	-118.553756714
-34.0416666667	-29.875	-106.493713379
-33.9583333333	-29.875	-99.5806274414
-33.875	-29.875	-86.7777557373
-33.7916666667	-29.875	-81.1373977661
-33.7083333333	-29.875	-73.2697906494
-33.625	-29.875	-69.0655899048
-33.5416666667	-29.875	-58.9941253662
-33.4583333333	-29.875	-50.2599868774
-33.375	-29.875	-42.095161438
-33.2916666667	-29.875	-33.7775726318
-33.2083333333	-29.875	-26.7230987549
-33.125	-29.875	-19.0528259277
-33.0416666667	-29.875	-18.0887756348
-32.9583333333	-29.875	-16.4924468994
-32.875	-29.875	-20.8558654785
-32.7916666667	-29.875	-24.1702423096
-32.7083333333	-29.875	-22.2789916992
-32.625	-29.875	-19.9561309814
-32.5416666667	-29.875	-19.4951477051
-32.4583333333	-29.875	-19.7007293701
-32.375	-29.875	-16.0736999512
-32.2916666667	-29.875	-8.21173095703
-32.2083333333	-29.875	-3.2155456543
-32.125	-29.875	10.846496582
-32.0416666667	-29.875	19.0677185059
-31.9583333333	-29.875	15.0190124512
-31.875	-29.875	9.87139892578
-31.7916666667	-29.875	5.89747619629
-31.7083333333	-29.875	-1.60545349121
-31.625	-29.875	0.832397460938
-31.5416666667	-29.875	8.26564025879
-31.4583333333	-29.875	13.3279724121
-31.375	-29.875	18.6621551514
-31.2916666667	-29.875	22.5347900391
-31.2083333333	-29.875	19.1672058105
-31.125	-29.875	6.40615844727
-31.0416666667	-29.875	-3.76196289062
-34.9583333333	-29.9583333333	-127.288665771
-34.875	-29.9583333333	-135.374893188
-34.7916666667	-29.9583333333	-135.718521118
-34.7083333333	-29.9583333333	-143.074874878
-34.625	-29.9583333333	-149.805114746
-34.5416666667	-29.9583333333	-155.448516846
-34.4583333333	-29.9583333333	-162.52947998
-34.375	-29.9583333333	-162.073059082
-34.2916666667	-29.9583333333	-156.856964111
-34.2083333333	-29.9583333333	-149.214111328
-34.125	-29.9583333333	-132.779464722
-34.0416666667	-29.9583333333	-119.657348633
-33.9583333333	-29.9583333333	-110.953964233
-33.875	-29.9583333333	-101.488044739
-33.7916666667	-29.9583333333	-89.6578979492
-33.7083333333	-29.9583333333	-83.4094314575
-33.625	-29.9583333333	-78.1409225464
-33.5416666667	-29.9583333333	-69.2276000977
-33.4583333333	-29.9583333333	-58.3676834106
-33.375	-29.9583333333	-51.2945632935
-33.2916666667	-29.9583333333	-42.8290252686
-33.2083333333	-29.9583333333	-33.1983184814
-33.125	-29.9583333333	-24.4097976685
-33.0416666667	-29.9583333333	-20.3520965576
-32.9583333333	-29.9583333333	-15.6130981445
-32.875	-29.9583333333	-17.8819274902
-32.7916666667	-29.9583333333	-20.5395507812
-32.7083333333	-29.9583333333	-21.5774230957
-32.625	-29.9583333333	-18.755065918
-32.5416666667	-29.9583333333	-16.8830871582
-32.4583333333	-29.9583333333	-14.6666259766
-32.375	-29.9583333333	-13.5382995605
-32.2916666667	-29.9583333333	-9.74214172363
-32.2083333333	-29.9583333333	-3.86386108398
-32.125	-29.9583333333	4.79766845703
-32.0416666667	-29.9583333333	15.0095214844
-31.9583333333	-29.9583333333	16.1843414307
-31.875	-29.9583333333	13.786239624
-31.7916666667	-29.9583333333	11.8614654541
-31.7083333333	-29.9583333333	8.06533813477
-31.625	-29.9583333333	12.1397705078
-31.5416666667	-29.9583333333	19.5007324219
-31.4583333333	-29.9583333333	24.7577819824
-31.375	-29.9583333333	25.5626983643
-31.2916666667	-29.9583333333	25.4415588379
-31.2083333333	-29.9583333333	24.5277404785
-31.125	-29.9583333333	18.0034179688
-31.0416666667	-29.9583333333	8.06695556641
-34.9583333333	-30.0416666667	-133.169021606
-34.875	-30.0416666667	-139.701934814
-34.7916666667	-30.0416666667	-144.008483887
-34.7083333333	-30.0416666667	-149.393692017
-34.625	-30.0416666667	-150.386413574
-34.5416666667	-30.0416666667	-154.336608887
-34.4583333333	-30.0416666667	-164.242935181
-34.375	-30.0416666667	-168.648773193
-34.2916666667	-30.0416666667	-166.430526733
-34.2083333333	-30.0416666667	-160.109649658
-34.125	-30.0416666667	-148.938568115
-34.0416666667	-30.0416666667	-135.550201416
-33.9583333333	-30.0416666667	-123.914169312
-33.875	-30.0416666667	-113.369644165
-33.7916666667	-30.0416666667	-100.49521637
-33.7083333333	-30.0416666667	-92.186050415
-33.625	-30.0416666667	-83.6137695312
-33.5416666667	-30.0416666667	-75.5069732666
-33.4583333333	-30.0416666667	-69.3720397949
-33.375	-30.0416666667	-61.6614837646
-33.2916666667	-30.0416666667	-52.3575744629
-33.2083333333	-30.0416666667	-44.545425415
-33.125	-30.0416666667	-34.4297332764
-33.0416666667	-30.0416666667	-27.8276443481
-32.9583333333	-30.0416666667	-21.6161575317
-32.875	-30.0416666667	-17.8477783203
-32.7916666667	-30.0416666667	-16.5195465088
-32.7083333333	-30.0416666667	-20.3470916748
-32.625	-30.0416666667	-18.9183654785
-32.5416666667	-30.0416666667	-14.4883117676
-32.4583333333	-30.0416666667	-10.9710998535
-32.375	-30.0416666667	-10.1471862793
-32.2916666667	-30.0416666667	-9.55926513672
-32.2083333333	-30.0416666667	-4.16390991211
-32.125	-30.0416666667	0.539703369141
-32.0416666667	-30.0416666667	11.443145752
-31.9583333333	-30.0416666667	15.0808105469
-31.875	-30.0416666667	16.8258666992
-31.7916666667	-30.0416666667	14.3161621094
-31.7083333333	-30.0416666667	16.9172363281
-31.625	-30.0416666667	23.6685180664
-31.5416666667	-30.0416666667	25.5068054199
-31.4583333333	-30.0416666667	28.7226257324
-31.375	-30.0416666667	28.3630065918
-31.2916666667	-30.0416666667	19.0750579834
-31.2083333333	-30.0416666667	18.1291046143
-31.125	-30.0416666667	14.8944396973
-31.0416666667	-30.0416666667	14.8536376953
-34.9583333333	-30.125	-145.48298645
-34.875	-30.125	-145.45513916
-34.7916666667	-30.125	-148.165786743
-34.7083333333	-30.125	-152.244613647
-34.625	-30.125	-153.039108276
-34.5416666667	-30.125	-154.621490479
-34.4583333333	-30.125	-161.123291016
-34.375	-30.125	-168.40763855
-34.2916666667	-30.125	-168.458740234
-34.2083333333	-30.125	-166.137069702
-34.125	-30.125	-157.455917358
-34.0416666667	-30.125	-145.365829468
-33.9583333333	-30.125	-133.553771973
-33.875	-30.125	-131.491348267
-33.7916666667	-30.125	-117.797080994
-33.7083333333	-30.125	-105.222297668
-33.625	-30.125	-91.9073562622
-33.5416666667	-30.125	-85.026473999
-33.4583333333	-30.125	-76.4281311035
-33.375	-30.125	-68.3128967285
-33.2916666667	-30.125	-60.684677124
-33.2083333333	-30.125	-54.6133575439
-33.125	-30.125	-44.9674377441
-33.0416666667	-30.125	-37.4651260376
-32.9583333333	-30.125	-29.5261993408
-32.875	-30.125	-22.4278869629
-32.7916666667	-30.125	-17.514831543
-32.7083333333	-30.125	-19.7638702393
-32.625	-30.125	-22.1474304199
-32.5416666667	-30.125	-17.6645812988
-32.4583333333	-30.125	-12.086151123
-32.375	-30.125	-10.2764282227
-32.2916666667	-30.125	-9.16270446777
-32.2083333333	-30.125	-3.80094909668
-32.125	-30.125	1.18293762207
-32.0416666667	-30.125	9.87564086914
-31.9583333333	-30.125	13.3934020996
-31.875	-30.125	17.6779937744
-31.7916666667	-30.125	16.1613616943
-31.7083333333	-30.125	19.7072601318
-31.625	-30.125	27.3793945312
-31.5416666667	-30.125	30.090057373
-31.4583333333	-30.125	34.0952453613
-31.375	-30.125	28.7409057617
-31.2916666667	-30.125	17.8840026855
-31.2083333333	-30.125	17.7737579346
-31.125	-30.125	19.4514312744
-31.0416666667	-30.125	23.3228759766
-34.9583333333	-30.2083333333	-151.27835083
-34.875	-30.2083333333	-153.718597412
-34.7916666667	-30.2083333333	-152.86857605
-34.7083333333	-30.2083333333	-153.170532227
-34.625	-30.2083333333	-153.811279297
-34.5416666667	-30.2083333333	-157.777206421
-34.4583333333	-30.2083333333	-163.947952271
-34.375	-30.2083333333	-171.543945312
-34.2916666667	-30.2083333333	-172.044769287
-34.2083333333	-30.2083333333	-167.060501099
-34.125	-30.2083333333	-163.991836548
-34.0416666667	-30.2083333333	-155.515670776
-33.9583333333	-30.2083333333	-146.227890015
-33.875	-30.2083333333	-143.00227356
-33.7916666667	-30.2083333333	-132.586715698
-33.7083333333	-30.2083333333	-117.365921021
-33.625	-30.2083333333	-104.442054749
-33.5416666667	-30.2083333333	-94.4890441895
-33.4583333333	-30.2083333333	-85.3719329834
-33.375	-30.2083333333	-76.8978271484
-33.2916666667	-30.2083333333	-70.127204895
-33.2083333333	-30.2083333333	-64.579498291
-33.125	-30.2083333333	-55.2229614258
-33.0416666667	-30.2083333333	-47.5151824951
-32.9583333333	-30.2083333333	-39.2160415649
-32.875	-30.2083333333	-29.3917541504
-32.7916666667	-30.2083333333	-21.3073120117
-32.7083333333	-30.2083333333	-19.5299987793
-32.625	-30.2083333333	-21.3706207275
-32.5416666667	-30.2083333333	-17.8561248779
-32.4583333333	-30.2083333333	-14.5708618164
-32.375	-30.2083333333	-9.99005126953
-32.2916666667	-30.2083333333	-8.82940673828
-32.2083333333	-30.2083333333	-5.21054077148
-32.125	-30.2083333333	0.577453613281
-32.0416666667	-30.2083333333	7.78413391113
-31.9583333333	-30.2083333333	11.3018188477
-31.875	-30.2083333333	15.7967681885
-31.7916666667	-30.2083333333	16.7893218994
-31.7083333333	-30.2083333333	18.4039306641
-31.625	-30.2083333333	25.5613098145
-31.5416666667	-30.2083333333	31.1983337402
-31.4583333333	-30.2083333333	32.4975738525
-31.375	-30.2083333333	30.4101715088
-31.2916666667	-30.2083333333	22.1510467529
-31.2083333333	-30.2083333333	24.2585296631
-31.125	-30.2083333333	24.9943389893
-31.0416666667	-30.2083333333	22.9740753174
-34.9583333333	-30.2916666667	-154.101119995
-34.875	-30.2916666667	-158.211120605
-34.7916666667	-30.2916666667	-159.300445557
-34.7083333333	-30.2916666667	-159.262374878
-34.625	-30.2916666667	-156.728363037
-34.5416666667	-30.2916666667	-158.687683105
-34.4583333333	-30.2916666667	-166.882873535
-34.375	-30.2916666667	-172.130950928
-34.2916666667	-30.2916666667	-174.36038208
-34.2083333333	-30.2916666667	-173.567825317
-34.125	-30.2916666667	-169.529724121
-34.0416666667	-30.2916666667	-166.760391235
-33.9583333333	-30.2916666667	-159.349822998
-33.875	-30.2916666667	-150.722549438
-33.7916666667	-30.2916666667	-141.03817749
-33.7083333333	-30.2916666667	-131.659973145
-33.625	-30.2916666667	-117.86857605
-33.5416666667	-30.2916666667	-101.158111572
-33.4583333333	-30.2916666667	-90.239944458
-33.375	-30.2916666667	-82.4907302856
-33.2916666667	-30.2916666667	-79.236541748
-33.2083333333	-30.2916666667	-74.7204742432
-33.125	-30.2916666667	-65.7240982056
-33.0416666667	-30.2916666667	-55.2886123657
-32.9583333333	-30.2916666667	-48.3322753906
-32.875	-30.2916666667	-39.0030975342
-32.7916666667	-30.2916666667	-28.0897369385
-32.7083333333	-30.2916666667	-23.6989593506
-32.625	-30.2916666667	-20.2107849121
-32.5416666667	-30.2916666667	-18.0461883545
-32.4583333333	-30.2916666667	-17.6800231934
-32.375	-30.2916666667	-10.7005157471
-32.2916666667	-30.2916666667	-7.99749755859
-32.2083333333	-30.2916666667	-6.16662597656
-32.125	-30.2916666667	-2.05596923828
-32.0416666667	-30.2916666667	4.30905151367
-31.9583333333	-30.2916666667	9.07281494141
-31.875	-30.2916666667	11.309173584
-31.7916666667	-30.2916666667	12.7568359375
-31.7083333333	-30.2916666667	16.7670593262
-31.625	-30.2916666667	20.1978912354
-31.5416666667	-30.2916666667	25.9747314453
-31.4583333333	-30.2916666667	30.2589569092
-31.375	-30.2916666667	28.5368652344
-31.2916666667	-30.2916666667	18.5158691406
-31.2083333333	-30.2916666667	21.1753540039
-31.125	-30.2916666667	22.7719421387
-31.0416666667	-30.2916666667	19.6144866943
-34.9583333333	-30.375	-157.826293945
-34.875	-30.375	-159.910736084
-34.7916666667	-30.375	-163.107223511
-34.7083333333	-30.375	-166.404998779
-34.625	-30.375	-167.369903564
-34.5416666667	-30.375	-167.588989258
-34.4583333333	-30.375	-173.416137695
-34.375	-30.375	-177.147186279
-34.2916666667	-30.375	-177.439605713
-34.2083333333	-30.375	-178.368499756
-34.125	-30.375	-173.561660767
-34.0416666667	-30.375	-169.550979614
-33.9583333333	-30.375	-161.875152588
-33.875	-30.375	-154.820953369
-33.7916666667	-30.375	-148.973388672
-33.7083333333	-30.375	-140.395874023
-33.625	-30.375	-128.873565674
-33.5416666667	-30.375	-115.063537598
-33.4583333333	-30.375	-102.834266663
-33.375	-30.375	-90.6945343018
-33.2916666667	-30.375	-87.5238418579
-33.2083333333	-30.375	-83.0874786377
-33.125	-30.375	-77.6420669556
-33.0416666667	-30.375	-61.7713012695
-32.9583333333	-30.375	-52.3643569946
-32.875	-30.375	-45.5560379028
-32.7916666667	-30.375	-39.4733657837
-32.7083333333	-30.375	-31.6865692139
-32.625	-30.375	-22.0952606201
-32.5416666667	-30.375	-21.3300170898
-32.4583333333	-30.375	-21.7830047607
-32.375	-30.375	-16.2242431641
-32.2916666667	-30.375	-11.9191894531
-32.2083333333	-30.375	-9.12899780273
-32.125	-30.375	-5.12078857422
-32.0416666667	-30.375	-1.34069824219
-31.9583333333	-30.375	4.0012512207
-31.875	-30.375	9.00285339355
-31.7916666667	-30.375	13.5545806885
-31.7083333333	-30.375	17.0753479004
-31.625	-30.375	17.8591918945
-31.5416666667	-30.375	23.356262207
-31.4583333333	-30.375	25.2333984375
-31.375	-30.375	23.8945007324
-31.2916666667	-30.375	18.3050231934
-31.2083333333	-30.375	16.736038208
-31.125	-30.375	20.6490631104
-31.0416666667	-30.375	23.1000976562
-34.9583333333	-30.4583333333	-163.392272949
-34.875	-30.4583333333	-166.717163086
-34.7916666667	-30.4583333333	-167.337814331
-34.7083333333	-30.4583333333	-167.62197876
-34.625	-30.4583333333	-170.407653809
-34.5416666667	-30.4583333333	-171.110443115
-34.4583333333	-30.4583333333	-174.968841553
-34.375	-30.4583333333	-179.060653687
-34.2916666667	-30.4583333333	-179.069671631
-34.2083333333	-30.4583333333	-179.219573975
-34.125	-30.4583333333	-176.129852295
-34.0416666667	-30.4583333333	-172.968933105
-33.9583333333	-30.4583333333	-164.492523193
-33.875	-30.4583333333	-162.098205566
-33.7916666667	-30.4583333333	-158.220672607
-33.7083333333	-30.4583333333	-149.044311523
-33.625	-30.4583333333	-135.038619995
-33.5416666667	-30.4583333333	-125.757400513
-33.4583333333	-30.4583333333	-117.731452942
-33.375	-30.4583333333	-108.834259033
-33.2916666667	-30.4583333333	-102.651885986
-33.2083333333	-30.4583333333	-97.2809066772
-33.125	-30.4583333333	-88.9793167114
-33.0416666667	-30.4583333333	-76.0106048584
-32.9583333333	-30.4583333333	-61.0754165649
-32.875	-30.4583333333	-51.9999771118
-32.7916666667	-30.4583333333	-49.7705993652
-32.7083333333	-30.4583333333	-42.715461731
-32.625	-30.4583333333	-32.9929199219
-32.5416666667	-30.4583333333	-27.7021484375
-32.4583333333	-30.4583333333	-25.9402008057
-32.375	-30.4583333333	-21.3818206787
-32.2916666667	-30.4583333333	-18.8079223633
-32.2083333333	-30.4583333333	-14.1200866699
-32.125	-30.4583333333	-11.2146911621
-32.0416666667	-30.4583333333	-6.41387939453
-31.9583333333	-30.4583333333	-3.71395874023
-31.875	-30.4583333333	1.84950256348
-31.7916666667	-30.4583333333	9.53280639648
-31.7083333333	-30.4583333333	15.4626464844
-31.625	-30.4583333333	18.2325592041
-31.5416666667	-30.4583333333	22.2929534912
-31.4583333333	-30.4583333333	23.4150695801
-31.375	-30.4583333333	24.7087097168
-31.2916666667	-30.4583333333	20.5208435059
-31.2083333333	-30.4583333333	13.5345153809
-31.125	-30.4583333333	14.3529663086
-31.0416666667	-30.4583333333	23.4087371826
-34.9583333333	-30.5416666667	-171.514572144
-34.875	-30.5416666667	-171.966003418
-34.7916666667	-30.5416666667	-172.13381958
-34.7083333333	-30.5416666667	-165.990249634
-34.625	-30.5416666667	-168.840118408
-34.5416666667	-30.5416666667	-170.303268433
-34.4583333333	-30.5416666667	-172.75592041
-34.375	-30.5416666667	-176.117095947
-34.2916666667	-30.5416666667	-176.253875732
-34.2083333333	-30.5416666667	-174.083251953
-34.125	-30.5416666667	-174.777984619
-34.0416666667	-30.5416666667	-172.430358887
-33.9583333333	-30.5416666667	-169.072219849
-33.875	-30.5416666667	-165.150177002
-33.7916666667	-30.5416666667	-160.156860352
-33.7083333333	-30.5416666667	-152.756286621
-33.625	-30.5416666667	-142.632949829
-33.5416666667	-30.5416666667	-133.162277222
-33.4583333333	-30.5416666667	-126.766769409
-33.375	-30.5416666667	-121.272460938
-33.2916666667	-30.5416666667	-115.160003662
-33.2083333333	-30.5416666667	-109.353927612
-33.125	-30.5416666667	-100.187545776
-33.0416666667	-30.5416666667	-87.7463226318
-32.9583333333	-30.5416666667	-74.1507568359
-32.875	-30.5416666667	-64.9409942627
-32.7916666667	-30.5416666667	-55.8805007935
-32.7083333333	-30.5416666667	-49.4026794434
-32.625	-30.5416666667	-45.0599212646
-32.5416666667	-30.5416666667	-37.7823257446
-32.4583333333	-30.5416666667	-33.5183410645
-32.375	-30.5416666667	-27.7460708618
-32.2916666667	-30.5416666667	-24.1494293213
-32.2083333333	-30.5416666667	-20.8564758301
-32.125	-30.5416666667	-19.7037200928
-32.0416666667	-30.5416666667	-15.0837402344
-31.9583333333	-30.5416666667	-10.7041625977
-31.875	-30.5416666667	-4.6731262207
-31.7916666667	-30.5416666667	3.70983886719
-31.7083333333	-30.5416666667	8.9482421875
-31.625	-30.5416666667	14.383895874
-31.5416666667	-30.5416666667	20.4480743408
-31.4583333333	-30.5416666667	25.7814025879
-31.375	-30.5416666667	31.6673431396
-31.2916666667	-30.5416666667	28.0589294434
-31.2083333333	-30.5416666667	19.7581787109
-31.125	-30.5416666667	10.4618225098
-31.0416666667	-30.5416666667	9.93313598633
-34.9583333333	-30.625	-176.251724243
-34.875	-30.625	-176.068405151
-34.7916666667	-30.625	-173.656555176
-34.7083333333	-30.625	-167.705825806
-34.625	-30.625	-165.686126709
-34.5416666667	-30.625	-169.680252075
-34.4583333333	-30.625	-171.353805542
-34.375	-30.625	-170.420257568
-34.2916666667	-30.625	-170.073959351
-34.2083333333	-30.625	-168.686676025
-34.125	-30.625	-169.548675537
-34.0416666667	-30.625	-168.309555054
-33.9583333333	-30.625	-167.420288086
-33.875	-30.625	-165.069366455
-33.7916666667	-30.625	-161.883987427
-33.7083333333	-30.625	-156.062011719
-33.625	-30.625	-146.220062256
-33.5416666667	-30.625	-137.988098145
-33.4583333333	-30.625	-134.748672485
-33.375	-30.625	-128.316345215
-33.2916666667	-30.625	-122.776184082
-33.2083333333	-30.625	-117.239746094
-33.125	-30.625	-106.100021362
-33.0416666667	-30.625	-92.9035797119
-32.9583333333	-30.625	-86.2175140381
-32.875	-30.625	-74.4158859253
-32.7916666667	-30.625	-64.4653396606
-32.7083333333	-30.625	-57.109664917
-32.625	-30.625	-52.7258071899
-32.5416666667	-30.625	-47.537727356
-32.4583333333	-30.625	-42.1900939941
-32.375	-30.625	-35.7074584961
-32.2916666667	-30.625	-31.1593399048
-32.2083333333	-30.625	-30.0805511475
-32.125	-30.625	-29.3014373779
-32.0416666667	-30.625	-24.0398254395
-31.9583333333	-30.625	-18.2581939697
-31.875	-30.625	-11.6041717529
-31.7916666667	-30.625	-2.84887695312
-31.7083333333	-30.625	2.15176391602
-31.625	-30.625	8.14024353027
-31.5416666667	-30.625	16.5720214844
-31.4583333333	-30.625	21.8438110352
-31.375	-30.625	31.6602478027
-31.2916666667	-30.625	34.7275848389
-31.2083333333	-30.625	27.2547302246
-31.125	-30.625	15.417755127
-31.0416666667	-30.625	1.79806518555
-34.9583333333	-30.7083333333	-175.63168335
-34.875	-30.7083333333	-179.118057251
-34.7916666667	-30.7083333333	-180.217208862
-34.7083333333	-30.7083333333	-173.950180054
-34.625	-30.7083333333	-168.18637085
-34.5416666667	-30.7083333333	-169.033004761
-34.4583333333	-30.7083333333	-167.598770142
-34.375	-30.7083333333	-167.260757446
-34.2916666667	-30.7083333333	-166.878585815
-34.2083333333	-30.7083333333	-167.931442261
-34.125	-30.7083333333	-166.651855469
-34.0416666667	-30.7083333333	-167.082000732
-33.9583333333	-30.7083333333	-166.497055054
-33.875	-30.7083333333	-165.992858887
-33.7916666667	-30.7083333333	-161.547210693
-33.7083333333	-30.7083333333	-158.257537842
-33.625	-30.7083333333	-151.964248657
-33.5416666667	-30.7083333333	-145.110748291
-33.4583333333	-30.7083333333	-142.293777466
-33.375	-30.7083333333	-134.664825439
-33.2916666667	-30.7083333333	-128.031555176
-33.2083333333	-30.7083333333	-120.402648926
-33.125	-30.7083333333	-111.281097412
-33.0416666667	-30.7083333333	-101.199005127
-32.9583333333	-30.7083333333	-94.6827468872
-32.875	-30.7083333333	-86.3480987549
-32.7916666667	-30.7083333333	-79.3604125977
-32.7083333333	-30.7083333333	-72.4244384766
-32.625	-30.7083333333	-64.7127380371
-32.5416666667	-30.7083333333	-57.3772583008
-32.4583333333	-30.7083333333	-51.5645217896
-32.375	-30.7083333333	-42.4818496704
-32.2916666667	-30.7083333333	-39.9424743652
-32.2083333333	-30.7083333333	-38.9570465088
-32.125	-30.7083333333	-37.0500564575
-32.0416666667	-30.7083333333	-33.7505569458
-31.9583333333	-30.7083333333	-27.5367279053
-31.875	-30.7083333333	-21.8582763672
-31.7916666667	-30.7083333333	-9.52618408203
-31.7083333333	-30.7083333333	-1.99786376953
-31.625	-30.7083333333	2.8698425293
-31.5416666667	-30.7083333333	8.94273376465
-31.4583333333	-30.7083333333	19.0194549561
-31.375	-30.7083333333	28.1431732178
-31.2916666667	-30.7083333333	32.6172485352
-31.2083333333	-30.7083333333	32.4014282227
-31.125	-30.7083333333	18.448425293
-31.0416666667	-30.7083333333	-0.291198730469
-34.9583333333	-30.7916666667	-180.668182373
-34.875	-30.7916666667	-182.386505127
-34.7916666667	-30.7916666667	-180.728515625
-34.7083333333	-30.7916666667	-178.04083252
-34.625	-30.7916666667	-175.687057495
-34.5416666667	-30.7916666667	-173.850448608
-34.4583333333	-30.7916666667	-171.450592041
-34.375	-30.7916666667	-167.578353882
-34.2916666667	-30.7916666667	-165.277435303
-34.2083333333	-30.7916666667	-168.477416992
-34.125	-30.7916666667	-167.613479614
-34.0416666667	-30.7916666667	-170.555953979
-33.9583333333	-30.7916666667	-170.102096558
-33.875	-30.7916666667	-167.772872925
-33.7916666667	-30.7916666667	-164.386581421
-33.7083333333	-30.7916666667	-159.883239746
-33.625	-30.7916666667	-155.30821228
-33.5416666667	-30.7916666667	-151.707870483
-33.4583333333	-30.7916666667	-146.939468384
-33.375	-30.7916666667	-139.367965698
-33.2916666667	-30.7916666667	-134.769927979
-33.2083333333	-30.7916666667	-127.634246826
-33.125	-30.7916666667	-120.5884552
-33.0416666667	-30.7916666667	-113.549789429
-32.9583333333	-30.7916666667	-104.592346191
-32.875	-30.7916666667	-98.1328125
-32.7916666667	-30.7916666667	-93.3242950439
-32.7083333333	-30.7916666667	-88.1062469482
-32.625	-30.7916666667	-80.0557937622
-32.5416666667	-30.7916666667	-70.0449981689
-32.4583333333	-30.7916666667	-57.887298584
-32.375	-30.7916666667	-51.3394546509
-32.2916666667	-30.7916666667	-49.2382354736
-32.2083333333	-30.7916666667	-46.6992034912
-32.125	-30.7916666667	-46.2762756348
-32.0416666667	-30.7916666667	-44.3818130493
-31.9583333333	-30.7916666667	-38.9817886353
-31.875	-30.7916666667	-34.6399078369
-31.7916666667	-30.7916666667	-23.4019165039
-31.7083333333	-30.7916666667	-14.3624725342
-31.625	-30.7916666667	-2.50924682617
-31.5416666667	-30.7916666667	0.444396972656
-31.4583333333	-30.7916666667	11.7586212158
-31.375	-30.7916666667	19.4679412842
-31.2916666667	-30.7916666667	23.3165588379
-31.2083333333	-30.7916666667	26.4925689697
-31.125	-30.7916666667	20.0040893555
-31.0416666667	-30.7916666667	7.10906982422
-34.9583333333	-30.875	-184.427307129
-34.875	-30.875	-180.876693726
-34.7916666667	-30.875	-174.343353271
-34.7083333333	-30.875	-177.372009277
-34.625	-30.875	-178.789077759
-34.5416666667	-30.875	-171.44871521
-34.4583333333	-30.875	-171.652389526
-34.375	-30.875	-172.300231934
-34.2916666667	-30.875	-169.949157715
-34.2083333333	-30.875	-168.345657349
-34.125	-30.875	-169.477783203
-34.0416666667	-30.875	-171.455215454
-33.9583333333	-30.875	-171.159957886
-33.875	-30.875	-168.900695801
-33.7916666667	-30.875	-164.98677063
-33.7083333333	-30.875	-157.990661621
-33.625	-30.875	-156.669662476
-33.5416666667	-30.875	-153.040756226
-33.4583333333	-30.875	-149.840942383
-33.375	-30.875	-145.845916748
-33.2916666667	-30.875	-140.470474243
-33.2083333333	-30.875	-134.2215271
-33.125	-30.875	-129.326446533
-33.0416666667	-30.875	-123.902450562
-32.9583333333	-30.875	-117.474945068
-32.875	-30.875	-112.374008179
-32.7916666667	-30.875	-105.737670898
-32.7083333333	-30.875	-100.785369873
-32.625	-30.875	-95.6577682495
-32.5416666667	-30.875	-84.3040618896
-32.4583333333	-30.875	-71.0760574341
-32.375	-30.875	-60.7777709961
-32.2916666667	-30.875	-61.6307754517
-32.2083333333	-30.875	-58.7196655273
-32.125	-30.875	-56.6262512207
-32.0416666667	-30.875	-51.0729827881
-31.9583333333	-30.875	-45.0872802734
-31.875	-30.875	-41.5567398071
-31.7916666667	-30.875	-34.7852935791
-31.7083333333	-30.875	-27.6613464355
-31.625	-30.875	-14.0359344482
-31.5416666667	-30.875	-2.8698425293
-31.4583333333	-30.875	3.46272277832
-31.375	-30.875	11.4217376709
-31.2916666667	-30.875	14.2299041748
-31.2083333333	-30.875	18.0920562744
-31.125	-30.875	16.3396911621
-31.0416666667	-30.875	11.2402648926
-34.9583333333	-30.9583333333	-182.801239014
-34.875	-30.9583333333	-185.75553894
-34.7916666667	-30.9583333333	-183.963165283
-34.7083333333	-30.9583333333	-179.80267334
-34.625	-30.9583333333	-175.642959595
-34.5416666667	-30.9583333333	-174.223937988
-34.4583333333	-30.9583333333	-176.72833252
-34.375	-30.9583333333	-170.76953125
-34.2916666667	-30.9583333333	-172.283401489
-34.2083333333	-30.9583333333	-169.752578735
-34.125	-30.9583333333	-171.020797729
-34.0416666667	-30.9583333333	-169.788970947
-33.9583333333	-30.9583333333	-168.509216309
-33.875	-30.9583333333	-168.799911499
-33.7916666667	-30.9583333333	-166.04347229
-33.7083333333	-30.9583333333	-162.413223267
-33.625	-30.9583333333	-162.19682312
-33.5416666667	-30.9583333333	-157.765075684
-33.4583333333	-30.9583333333	-156.097183228
-33.375	-30.9583333333	-151.836471558
-33.2916666667	-30.9583333333	-145.758026123
-33.2083333333	-30.9583333333	-141.342590332
-33.125	-30.9583333333	-136.389633179
-33.0416666667	-30.9583333333	-130.717300415
-32.9583333333	-30.9583333333	-125.398452759
-32.875	-30.9583333333	-121.215316772
-32.7916666667	-30.9583333333	-119.165039062
-32.7083333333	-30.9583333333	-113.474533081
-32.625	-30.9583333333	-109.289230347
-32.5416666667	-30.9583333333	-99.6274719238
-32.4583333333	-30.9583333333	-89.9520111084
-32.375	-30.9583333333	-75.8462142944
-32.2916666667	-30.9583333333	-70.5588760376
-32.2083333333	-30.9583333333	-68.1239624023
-32.125	-30.9583333333	-62.3961639404
-32.0416666667	-30.9583333333	-55.62525177
-31.9583333333	-30.9583333333	-52.2418365479
-31.875	-30.9583333333	-47.7899169922
-31.7916666667	-30.9583333333	-42.7995147705
-31.7083333333	-30.9583333333	-37.2639312744
-31.625	-30.9583333333	-27.7896728516
-31.5416666667	-30.9583333333	-13.8979034424
-31.4583333333	-30.9583333333	-3.93518066406
-31.375	-30.9583333333	4.46282958984
-31.2916666667	-30.9583333333	7.11781311035
-31.2083333333	-30.9583333333	8.17384338379
-31.125	-30.9583333333	9.33154296875
-31.0416666667	-30.9583333333	10.4336700439
