-34.9583333333	-28.0416666667	40.724105835
-34.875	-28.0416666667	42.4877929688
-34.7916666667	-28.0416666667	41.5171356201
-34.7083333333	-28.0416666667	40.5020446777
-34.625	-28.0416666667	38.525100708
-34.5416666667	-28.0416666667	37.5835876465
-34.4583333333	-28.0416666667	36.9246673584
-34.375	-28.0416666667	35.1382751465
-34.2916666667	-28.0416666667	34.7989349365
-34.2083333333	-28.0416666667	36.4616699219
-34.125	-28.0416666667	39.1732635498
-34.0416666667	-28.0416666667	38.2675018311
-33.9583333333	-28.0416666667	39.4227142334
-33.875	-28.0416666667	39.1304779053
-33.7916666667	-28.0416666667	38.0391387939
-33.7083333333	-28.0416666667	35.8180236816
-33.625	-28.0416666667	34.3603668213
-33.5416666667	-28.0416666667	33.5811004639
-33.4583333333	-28.0416666667	30.7733612061
-33.375	-28.0416666667	29.8972015381
-33.2916666667	-28.0416666667	28.2652130127
-33.2083333333	-28.0416666667	30.8500823975
-33.125	-28.0416666667	30.6200714111
-33.0416666667	-28.0416666667	35.2178497314
-32.9583333333	-28.0416666667	38.5194244385
-32.875	-28.0416666667	40.835723877
-32.7916666667	-28.0416666667	42.6905212402
-32.7083333333	-28.0416666667	42.6951751709
-32.625	-28.0416666667	43.5202178955
-32.5416666667	-28.0416666667	42.1349945068
-32.4583333333	-28.0416666667	41.4714508057
-32.375	-28.0416666667	41.2801055908
-32.2916666667	-28.0416666667	39.0093536377
-32.2083333333	-28.0416666667	37.1086273193
-32.125	-28.0416666667	28.8599853516
-32.0416666667	-28.0416666667	18.4474029541
-31.9583333333	-28.0416666667	10.6296386719
-31.875	-28.0416666667	7.9220123291
-31.7916666667	-28.0416666667	9.02737426758
-31.7083333333	-28.0416666667	13.5633544922
-31.625	-28.0416666667	17.4465789795
-31.5416666667	-28.0416666667	17.4763336182
-31.4583333333	-28.0416666667	17.2734985352
-31.375	-28.0416666667	16.5004425049
-31.2916666667	-28.0416666667	16.8710784912
-31.2083333333	-28.0416666667	16.7784881592
-31.125	-28.0416666667	21.3453369141
-31.0416666667	-28.0416666667	22.7243652344
-34.9583333333	-28.125	39.246383667
-34.875	-28.125	39.5809936523
-34.7916666667	-28.125	42.2978057861
-34.7083333333	-28.125	41.3364562988
-34.625	-28.125	38.0278625488
-34.5416666667	-28.125	37.1454620361
-34.4583333333	-28.125	37.2127075195
-34.375	-28.125	35.9083557129
-34.2916666667	-28.125	35.2261047363
-34.2083333333	-28.125	34.0898895264
-34.125	-28.125	34.3635406494
-34.0416666667	-28.125	34.6287841797
-33.9583333333	-28.125	34.9795532227
-33.875	-28.125	33.1170501709
-33.7916666667	-28.125	34.798614502
-33.7083333333	-28.125	33.6349487305
-33.625	-28.125	29.9090270996
-33.5416666667	-28.125	26.4183349609
-33.4583333333	-28.125	21.6625976562
-33.375	-28.125	24.0255889893
-33.2916666667	-28.125	25.6808776855
-33.2083333333	-28.125	22.8273620605
-33.125	-28.125	26.515625
-33.0416666667	-28.125	31.8769073486
-32.9583333333	-28.125	38.0662994385
-32.875	-28.125	38.0367279053
-32.7916666667	-28.125	37.3947906494
-32.7083333333	-28.125	37.7853240967
-32.625	-28.125	37.9783477783
-32.5416666667	-28.125	36.7344360352
-32.4583333333	-28.125	32.5224304199
-32.375	-28.125	31.8395080566
-32.2916666667	-28.125	29.9758148193
-32.2083333333	-28.125	26.6311187744
-32.125	-28.125	18.157913208
-32.0416666667	-28.125	6.19206237793
-31.9583333333	-28.125	2.21357727051
-31.875	-28.125	6.22845458984
-31.7916666667	-28.125	11.2093200684
-31.7083333333	-28.125	15.6864624023
-31.625	-28.125	14.5201416016
-31.5416666667	-28.125	11.4575805664
-31.4583333333	-28.125	8.6446685791
-31.375	-28.125	6.51722717285
-31.2916666667	-28.125	3.57092285156
-31.2083333333	-28.125	3.54292297363
-31.125	-28.125	1.55390930176
-31.0416666667	-28.125	3.10954284668
-34.9583333333	-28.2083333333	35.59034729
-34.875	-28.2083333333	39.120010376
-34.7916666667	-28.2083333333	40.9981079102
-34.7083333333	-28.2083333333	40.0768737793
-34.625	-28.2083333333	38.5028381348
-34.5416666667	-28.2083333333	35.649597168
-34.4583333333	-28.2083333333	35.3316040039
-34.375	-28.2083333333	33.1065368652
-34.2916666667	-28.2083333333	35.327331543
-34.2083333333	-28.2083333333	31.8463897705
-34.125	-28.2083333333	29.959197998
-34.0416666667	-28.2083333333	31.118057251
-33.9583333333	-28.2083333333	30.1902313232
-33.875	-28.2083333333	28.7200469971
-33.7916666667	-28.2083333333	33.1384735107
-33.7083333333	-28.2083333333	31.0475616455
-33.625	-28.2083333333	26.6742401123
-33.5416666667	-28.2083333333	24.4198760986
-33.4583333333	-28.2083333333	21.2949981689
-33.375	-28.2083333333	16.8040618896
-33.2916666667	-28.2083333333	18.6480560303
-33.2083333333	-28.2083333333	21.0988464355
-33.125	-28.2083333333	22.7702331543
-33.0416666667	-28.2083333333	23.6797027588
-32.9583333333	-28.2083333333	26.0212554932
-32.875	-28.2083333333	26.0117492676
-32.7916666667	-28.2083333333	23.3704528809
-32.7083333333	-28.2083333333	24.0708312988
-32.625	-28.2083333333	27.1900177002
-32.5416666667	-28.2083333333	26.3283843994
-32.4583333333	-28.2083333333	25.4448242188
-32.375	-28.2083333333	25.0191040039
-32.2916666667	-28.2083333333	20.7216339111
-32.2083333333	-28.2083333333	18.8840789795
-32.125	-28.2083333333	12.6968383789
-32.0416666667	-28.2083333333	7.3465423584
-31.9583333333	-28.2083333333	7.7283782959
-31.875	-28.2083333333	9.21734619141
-31.7916666667	-28.2083333333	11.2443084717
-31.7083333333	-28.2083333333	13.5289764404
-31.625	-28.2083333333	8.57762145996
-31.5416666667	-28.2083333333	5.23728942871
-31.4583333333	-28.2083333333	0.269073486328
-31.375	-28.2083333333	-7.33361816406
-31.2916666667	-28.2083333333	-10.0728378296
-31.2083333333	-28.2083333333	-9.52297210693
-31.125	-28.2083333333	-13.0814437866
-31.0416666667	-28.2083333333	-19.4735717773
-34.9583333333	-28.2916666667	31.5445404053
-34.875	-28.2916666667	36.1700134277
-34.7916666667	-28.2916666667	39.6576385498
-34.7083333333	-28.2916666667	39.6756744385
-34.625	-28.2916666667	36.0594787598
-34.5416666667	-28.2916666667	34.2877502441
-34.4583333333	-28.2916666667	33.6255187988
-34.375	-28.2916666667	32.5084991455
-34.2916666667	-28.2916666667	33.0372619629
-34.2083333333	-28.2916666667	31.0035858154
-34.125	-28.2916666667	28.515625
-34.0416666667	-28.2916666667	27.3600921631
-33.9583333333	-28.2916666667	25.4697570801
-33.875	-28.2916666667	25.797958374
-33.7916666667	-28.2916666667	27.6219482422
-33.7083333333	-28.2916666667	24.5785064697
-33.625	-28.2916666667	21.9218597412
-33.5416666667	-28.2916666667	21.6508483887
-33.4583333333	-28.2916666667	17.4598846436
-33.375	-28.2916666667	7.64868927002
-33.2916666667	-28.2916666667	11.2777557373
-33.2083333333	-28.2916666667	11.0631713867
-33.125	-28.2916666667	11.8008270264
-33.0416666667	-28.2916666667	15.2557067871
-32.9583333333	-28.2916666667	19.7211456299
-32.875	-28.2916666667	17.2992095947
-32.7916666667	-28.2916666667	17.7532501221
-32.7083333333	-28.2916666667	19.1654205322
-32.625	-28.2916666667	20.1356506348
-32.5416666667	-28.2916666667	20.7117462158
-32.4583333333	-28.2916666667	19.5855560303
-32.375	-28.2916666667	19.8676605225
-32.2916666667	-28.2916666667	13.1061706543
-32.2083333333	-28.2916666667	11.6590423584
-32.125	-28.2916666667	9.74676513672
-32.0416666667	-28.2916666667	8.73210144043
-31.9583333333	-28.2916666667	7.12803649902
-31.875	-28.2916666667	7.43617248535
-31.7916666667	-28.2916666667	4.80621337891
-31.7083333333	-28.2916666667	2.78713989258
-31.625	-28.2916666667	-2.62297058105
-31.5416666667	-28.2916666667	-9.58126831055
-31.4583333333	-28.2916666667	-17.1986618042
-31.375	-28.2916666667	-23.9057617188
-31.2916666667	-28.2916666667	-27.3734130859
-31.2083333333	-28.2916666667	-26.64894104
-31.125	-28.2916666667	-33.0318603516
-31.0416666667	-28.2916666667	-36.4115600586
-34.9583333333	-28.375	28.5335235596
-34.875	-28.375	33.6170043945
-34.7916666667	-28.375	35.4380340576
-34.7083333333	-28.375	34.6569671631
-34.625	-28.375	33.699508667
-34.5416666667	-28.375	33.1483306885
-34.4583333333	-28.375	31.7238006592
-34.375	-28.375	33.5135040283
-34.2916666667	-28.375	31.376739502
-34.2083333333	-28.375	29.4546356201
-34.125	-28.375	25.3170928955
-34.0416666667	-28.375	21.2233276367
-33.9583333333	-28.375	26.9489593506
-33.875	-28.375	26.2215118408
-33.7916666667	-28.375	18.7933959961
-33.7083333333	-28.375	9.29623413086
-33.625	-28.375	6.3553314209
-33.5416666667	-28.375	8.41859436035
-33.4583333333	-28.375	7.36958312988
-33.375	-28.375	-0.716613769531
-33.2916666667	-28.375	-2.87538146973
-33.2083333333	-28.375	0.822372436523
-33.125	-28.375	6.1262512207
-33.0416666667	-28.375	7.8104095459
-32.9583333333	-28.375	7.57086181641
-32.875	-28.375	3.66326904297
-32.7916666667	-28.375	5.43273925781
-32.7083333333	-28.375	6.78626251221
-32.625	-28.375	9.54373168945
-32.5416666667	-28.375	9.68339538574
-32.4583333333	-28.375	9.58741760254
-32.375	-28.375	9.34577941895
-32.2916666667	-28.375	5.15086364746
-32.2083333333	-28.375	6.03453063965
-32.125	-28.375	3.19136047363
-32.0416666667	-28.375	3.19105529785
-31.9583333333	-28.375	-1.64984130859
-31.875	-28.375	-4.43292236328
-31.7916666667	-28.375	-7.36913299561
-31.7083333333	-28.375	-9.1859588623
-31.625	-28.375	-14.7216720581
-31.5416666667	-28.375	-23.6995162964
-31.4583333333	-28.375	-32.4898300171
-31.375	-28.375	-38.1563873291
-31.2916666667	-28.375	-45.0160064697
-31.2083333333	-28.375	-45.6179885864
-31.125	-28.375	-49.4568405151
-31.0416666667	-28.375	-48.8201446533
-34.9583333333	-28.4583333333	27.417755127
-34.875	-28.4583333333	32.0676422119
-34.7916666667	-28.4583333333	34.16355896
-34.7083333333	-28.4583333333	29.0942840576
-34.625	-28.4583333333	29.9865875244
-34.5416666667	-28.4583333333	31.9992980957
-34.4583333333	-28.4583333333	31.5416870117
-34.375	-28.4583333333	32.5927276611
-34.2916666667	-28.4583333333	29.5741729736
-34.2083333333	-28.4583333333	26.5640716553
-34.125	-28.4583333333	21.6884307861
-34.0416666667	-28.4583333333	18.263168335
-33.9583333333	-28.4583333333	21.3565063477
-33.875	-28.4583333333	15.8748550415
-33.7916666667	-28.4583333333	2.44706726074
-33.7083333333	-28.4583333333	-3.50262451172
-33.625	-28.4583333333	-2.86827087402
-33.5416666667	-28.4583333333	-1.94111633301
-33.4583333333	-28.4583333333	-2.38377380371
-33.375	-28.4583333333	-5.83248901367
-33.2916666667	-28.4583333333	-5.66255187988
-33.2083333333	-28.4583333333	-4.61683654785
-33.125	-28.4583333333	-2.75196838379
-33.0416666667	-28.4583333333	-1.02406311035
-32.9583333333	-28.4583333333	-3.56672668457
-32.875	-28.4583333333	-6.12969970703
-32.7916666667	-28.4583333333	-6.25674438477
-32.7083333333	-28.4583333333	-4.37265014648
-32.625	-28.4583333333	-1.97499847412
-32.5416666667	-28.4583333333	-0.70906829834
-32.4583333333	-28.4583333333	0.194007873535
-32.375	-28.4583333333	-2.72326660156
-32.2916666667	-28.4583333333	-4.32506561279
-32.2083333333	-28.4583333333	-0.321914672852
-32.125	-28.4583333333	-5.91723632812
-32.0416666667	-28.4583333333	-11.9160308838
-31.9583333333	-28.4583333333	-16.1705322266
-31.875	-28.4583333333	-17.4762573242
-31.7916666667	-28.4583333333	-22.4026489258
-31.7083333333	-28.4583333333	-22.1356201172
-31.625	-28.4583333333	-24.4536361694
-31.5416666667	-28.4583333333	-29.5877380371
-31.4583333333	-28.4583333333	-39.4886398315
-31.375	-28.4583333333	-48.6830978394
-31.2916666667	-28.4583333333	-53.5641784668
-31.2083333333	-28.4583333333	-60.8365249634
-31.125	-28.4583333333	-64.5904846191
-31.0416666667	-28.4583333333	-59.2646026611
-34.9583333333	-28.5416666667	23.3541412354
-34.875	-28.5416666667	26.6716461182
-34.7916666667	-28.5416666667	28.7730102539
-34.7083333333	-28.5416666667	28.069442749
-34.625	-28.5416666667	25.7930755615
-34.5416666667	-28.5416666667	28.2061309814
-34.4583333333	-28.5416666667	30.1816101074
-34.375	-28.5416666667	27.8987121582
-34.2916666667	-28.5416666667	25.3662872314
-34.2083333333	-28.5416666667	22.1432800293
-34.125	-28.5416666667	17.581161499
-34.0416666667	-28.5416666667	15.016204834
-33.9583333333	-28.5416666667	11.2198638916
-33.875	-28.5416666667	2.21171569824
-33.7916666667	-28.5416666667	-5.16567993164
-33.7083333333	-28.5416666667	-5.42620849609
-33.625	-28.5416666667	-5.07551574707
-33.5416666667	-28.5416666667	-1.1438293457
-33.4583333333	-28.5416666667	-6.8881149292
-33.375	-28.5416666667	-12.0628890991
-33.2916666667	-28.5416666667	-10.0436935425
-33.2083333333	-28.5416666667	-10.3655014038
-33.125	-28.5416666667	-9.28546142578
-33.0416666667	-28.5416666667	-8.90892791748
-32.9583333333	-28.5416666667	-12.6741790771
-32.875	-28.5416666667	-16.5611877441
-32.7916666667	-28.5416666667	-17.2233505249
-32.7083333333	-28.5416666667	-14.6476669312
-32.625	-28.5416666667	-13.4712219238
-32.5416666667	-28.5416666667	-10.8689193726
-32.4583333333	-28.5416666667	-11.5504074097
-32.375	-28.5416666667	-11.2495651245
-32.2916666667	-28.5416666667	-12.6249923706
-32.2083333333	-28.5416666667	-14.4759750366
-32.125	-28.5416666667	-17.5363082886
-32.0416666667	-28.5416666667	-24.7555999756
-31.9583333333	-28.5416666667	-31.0859680176
-31.875	-28.5416666667	-35.0696563721
-31.7916666667	-28.5416666667	-35.5559234619
-31.7083333333	-28.5416666667	-36.434387207
-31.625	-28.5416666667	-40.5600738525
-31.5416666667	-28.5416666667	-47.3583221436
-31.4583333333	-28.5416666667	-50.8583221436
-31.375	-28.5416666667	-58.8811340332
-31.2916666667	-28.5416666667	-67.0859603882
-31.2083333333	-28.5416666667	-68.6485443115
-31.125	-28.5416666667	-69.4078979492
-31.0416666667	-28.5416666667	-73.1172027588
-34.9583333333	-28.625	15.8464508057
-34.875	-28.625	18.8145294189
-34.7916666667	-28.625	19.0010070801
-34.7083333333	-28.625	21.1523284912
-34.625	-28.625	21.8063201904
-34.5416666667	-28.625	22.2182006836
-34.4583333333	-28.625	23.2193450928
-34.375	-28.625	23.3910369873
-34.2916666667	-28.625	22.2070770264
-34.2083333333	-28.625	16.961730957
-34.125	-28.625	12.5512084961
-34.0416666667	-28.625	10.4689178467
-33.9583333333	-28.625	2.58206176758
-33.875	-28.625	-1.3172454834
-33.7916666667	-28.625	-3.31590270996
-33.7083333333	-28.625	-6.40901184082
-33.625	-28.625	-7.37208557129
-33.5416666667	-28.625	-11.1794433594
-33.4583333333	-28.625	-16.6474609375
-33.375	-28.625	-21.3718185425
-33.2916666667	-28.625	-20.7806549072
-33.2083333333	-28.625	-18.7111053467
-33.125	-28.625	-18.0487976074
-33.0416666667	-28.625	-22.4938812256
-32.9583333333	-28.625	-23.0272445679
-32.875	-28.625	-25.1288604736
-32.7916666667	-28.625	-26.0483856201
-32.7083333333	-28.625	-24.8280639648
-32.625	-28.625	-21.3771286011
-32.5416666667	-28.625	-19.8591918945
-32.4583333333	-28.625	-20.7928695679
-32.375	-28.625	-18.9192352295
-32.2916666667	-28.625	-17.4928588867
-32.2083333333	-28.625	-19.5333557129
-32.125	-28.625	-27.2197341919
-32.0416666667	-28.625	-40.9943618774
-31.9583333333	-28.625	-46.3991851807
-31.875	-28.625	-45.2627944946
-31.7916666667	-28.625	-46.5615463257
-31.7083333333	-28.625	-50.3475189209
-31.625	-28.625	-53.7347640991
-31.5416666667	-28.625	-57.8136444092
-31.4583333333	-28.625	-62.9549713135
-31.375	-28.625	-68.1207427979
-31.2916666667	-28.625	-74.57762146
-31.2083333333	-28.625	-83.4196014404
-31.125	-28.625	-84.7896957397
-31.0416666667	-28.625	-89.3737182617
-34.9583333333	-28.7083333333	8.66282653809
-34.875	-28.7083333333	12.4418640137
-34.7916666667	-28.7083333333	11.915222168
-34.7083333333	-28.7083333333	11.0069732666
-34.625	-28.7083333333	14.8172302246
-34.5416666667	-28.7083333333	15.2466888428
-34.4583333333	-28.7083333333	15.5926055908
-34.375	-28.7083333333	15.4037017822
-34.2916666667	-28.7083333333	14.1247406006
-34.2083333333	-28.7083333333	11.5250854492
-34.125	-28.7083333333	6.36494445801
-34.0416666667	-28.7083333333	5.63656616211
-33.9583333333	-28.7083333333	2.55207824707
-33.875	-28.7083333333	-1.7537689209
-33.7916666667	-28.7083333333	-4.29333496094
-33.7083333333	-28.7083333333	-7.47772216797
-33.625	-28.7083333333	-12.2307357788
-33.5416666667	-28.7083333333	-20.3520736694
-33.4583333333	-28.7083333333	-30.7926330566
-33.375	-28.7083333333	-32.551322937
-33.2916666667	-28.7083333333	-34.2482147217
-33.2083333333	-28.7083333333	-35.5040740967
-33.125	-28.7083333333	-33.5710067749
-33.0416666667	-28.7083333333	-38.7181549072
-32.9583333333	-28.7083333333	-37.4152832031
-32.875	-28.7083333333	-34.0291900635
-32.7916666667	-28.7083333333	-32.4904327393
-32.7083333333	-28.7083333333	-33.3975372314
-32.625	-28.7083333333	-34.5283355713
-32.5416666667	-28.7083333333	-31.6312713623
-32.4583333333	-28.7083333333	-33.3283615112
-32.375	-28.7083333333	-31.3134765625
-32.2916666667	-28.7083333333	-28.3784484863
-32.2083333333	-28.7083333333	-33.2174682617
-32.125	-28.7083333333	-33.6467437744
-32.0416666667	-28.7083333333	-45.6908493042
-31.9583333333	-28.7083333333	-53.4893493652
-31.875	-28.7083333333	-54.6716842651
-31.7916666667	-28.7083333333	-54.7405319214
-31.7083333333	-28.7083333333	-58.2973937988
-31.625	-28.7083333333	-63.0368881226
-31.5416666667	-28.7083333333	-65.4312744141
-31.4583333333	-28.7083333333	-73.7709732056
-31.375	-28.7083333333	-78.556060791
-31.2916666667	-28.7083333333	-85.5506973267
-31.2083333333	-28.7083333333	-89.3983306885
-31.125	-28.7083333333	-93.3462524414
-31.0416666667	-28.7083333333	-99.9637451172
-34.9583333333	-28.7916666667	2.37837219238
-34.875	-28.7916666667	2.70137023926
-34.7916666667	-28.7916666667	2.31112670898
-34.7083333333	-28.7916666667	0.759429931641
-34.625	-28.7916666667	4.1284942627
-34.5416666667	-28.7916666667	5.91383361816
-34.4583333333	-28.7916666667	5.65608215332
-34.375	-28.7916666667	6.10997009277
-34.2916666667	-28.7916666667	6.96794128418
-34.2083333333	-28.7916666667	3.97760009766
-34.125	-28.7916666667	2.24656677246
-34.0416666667	-28.7916666667	1.86798095703
-33.9583333333	-28.7916666667	-2.12808227539
-33.875	-28.7916666667	-7.19384765625
-33.7916666667	-28.7916666667	-11.1244659424
-33.7083333333	-28.7916666667	-14.2441864014
-33.625	-28.7916666667	-22.0672607422
-33.5416666667	-28.7916666667	-29.2410736084
-33.4583333333	-28.7916666667	-37.2072906494
-33.375	-28.7916666667	-41.5215148926
-33.2916666667	-28.7916666667	-43.8873214722
-33.2083333333	-28.7916666667	-45.1560287476
-33.125	-28.7916666667	-46.7202301025
-33.0416666667	-28.7916666667	-51.3000946045
-32.9583333333	-28.7916666667	-51.1712417603
-32.875	-28.7916666667	-55.4252853394
-32.7916666667	-28.7916666667	-51.2745285034
-32.7083333333	-28.7916666667	-51.7705535889
-32.625	-28.7916666667	-52.6409301758
-32.5416666667	-28.7916666667	-54.8186035156
-32.4583333333	-28.7916666667	-53.8659896851
-32.375	-28.7916666667	-47.3225784302
-32.2916666667	-28.7916666667	-48.1346664429
-32.2083333333	-28.7916666667	-46.3070220947
-32.125	-28.7916666667	-41.118850708
-32.0416666667	-28.7916666667	-40.58228302
-31.9583333333	-28.7916666667	-45.2941894531
-31.875	-28.7916666667	-46.0866241455
-31.7916666667	-28.7916666667	-53.7077255249
-31.7083333333	-28.7916666667	-63.0199050903
-31.625	-28.7916666667	-66.632019043
-31.5416666667	-28.7916666667	-72.3015365601
-31.4583333333	-28.7916666667	-78.7063140869
-31.375	-28.7916666667	-85.9405288696
-31.2916666667	-28.7916666667	-92.2864608765
-31.2083333333	-28.7916666667	-94.8162231445
-31.125	-28.7916666667	-96.5062103271
-31.0416666667	-28.7916666667	-99.4031829834
-34.9583333333	-28.875	-6.50300598145
-34.875	-28.875	-7.24769592285
-34.7916666667	-28.875	-5.49653625488
-34.7083333333	-28.875	-5.72352600098
-34.625	-28.875	-6.07106018066
-34.5416666667	-28.875	-5.69900512695
-34.4583333333	-28.875	-6.01368713379
-34.375	-28.875	-4.95574951172
-34.2916666667	-28.875	-3.1890411377
-34.2083333333	-28.875	-3.64071655273
-34.125	-28.875	-2.57621765137
-34.0416666667	-28.875	-2.1032409668
-33.9583333333	-28.875	-4.92729187012
-33.875	-28.875	-10.8413696289
-33.7916666667	-28.875	-16.5984344482
-33.7083333333	-28.875	-20.6988067627
-33.625	-28.875	-28.072769165
-33.5416666667	-28.875	-35.9116516113
-33.4583333333	-28.875	-43.3112182617
-33.375	-28.875	-44.9315643311
-33.2916666667	-28.875	-46.6746444702
-33.2083333333	-28.875	-49.7573242188
-33.125	-28.875	-55.0120697021
-33.0416666667	-28.875	-56.3018493652
-32.9583333333	-28.875	-61.27318573
-32.875	-28.875	-66.5447845459
-32.7916666667	-28.875	-68.4278106689
-32.7083333333	-28.875	-66.0353622437
-32.625	-28.875	-63.3271789551
-32.5416666667	-28.875	-63.8382568359
-32.4583333333	-28.875	-61.731590271
-32.375	-28.875	-56.9403839111
-32.2916666667	-28.875	-54.1126556396
-32.2083333333	-28.875	-45.6777267456
-32.125	-28.875	-39.2593078613
-32.0416666667	-28.875	-38.3504638672
-31.9583333333	-28.875	-40.9107055664
-31.875	-28.875	-42.7693939209
-31.7916666667	-28.875	-44.5493011475
-31.7083333333	-28.875	-53.712387085
-31.625	-28.875	-65.8302612305
-31.5416666667	-28.875	-66.6613616943
-31.4583333333	-28.875	-73.8643112183
-31.375	-28.875	-83.4897155762
-31.2916666667	-28.875	-90.7658157349
-31.2083333333	-28.875	-95.4577713013
-31.125	-28.875	-98.7101669312
-31.0416666667	-28.875	-97.753944397
-34.9583333333	-28.9583333333	-13.4257049561
-34.875	-28.9583333333	-16.02784729
-34.7916666667	-28.9583333333	-13.2874603271
-34.7083333333	-28.9583333333	-15.4632263184
-34.625	-28.9583333333	-17.1742858887
-34.5416666667	-28.9583333333	-15.4319152832
-34.4583333333	-28.9583333333	-15.451133728
-34.375	-28.9583333333	-15.4336166382
-34.2916666667	-28.9583333333	-11.7498779297
-34.2083333333	-28.9583333333	-11.4553070068
-34.125	-28.9583333333	-8.45219421387
-34.0416666667	-28.9583333333	-5.31300354004
-33.9583333333	-28.9583333333	-4.05592346191
-33.875	-28.9583333333	-15.5117721558
-33.7916666667	-28.9583333333	-19.1230163574
-33.7083333333	-28.9583333333	-14.9625854492
-33.625	-28.9583333333	-27.6584777832
-33.5416666667	-28.9583333333	-38.923324585
-33.4583333333	-28.9583333333	-44.7056274414
-33.375	-28.9583333333	-48.6659851074
-33.2916666667	-28.9583333333	-50.9419021606
-33.2083333333	-28.9583333333	-55.2759628296
-33.125	-28.9583333333	-63.3670349121
-33.0416666667	-28.9583333333	-64.4859161377
-32.9583333333	-28.9583333333	-65.8644256592
-32.875	-28.9583333333	-71.8897705078
-32.7916666667	-28.9583333333	-72.1399383545
-32.7083333333	-28.9583333333	-69.6568603516
-32.625	-28.9583333333	-67.3127365112
-32.5416666667	-28.9583333333	-63.6150894165
-32.4583333333	-28.9583333333	-61.06615448
-32.375	-28.9583333333	-55.3074264526
-32.2916666667	-28.9583333333	-45.7007751465
-32.2083333333	-28.9583333333	-33.7440490723
-32.125	-28.9583333333	-29.6889877319
-32.0416666667	-28.9583333333	-39.9522857666
-31.9583333333	-28.9583333333	-40.4148788452
-31.875	-28.9583333333	-39.2028198242
-31.7916666667	-28.9583333333	-40.8269577026
-31.7083333333	-28.9583333333	-51.2565917969
-31.625	-28.9583333333	-58.7467803955
-31.5416666667	-28.9583333333	-59.5666046143
-31.4583333333	-28.9583333333	-63.847946167
-31.375	-28.9583333333	-79.7218475342
-31.2916666667	-28.9583333333	-89.6089859009
-31.2083333333	-28.9583333333	-95.2342224121
-31.125	-28.9583333333	-100.420127869
-31.0416666667	-28.9583333333	-99.6347579956
-34.9583333333	-29.0416666667	-20.489151001
-34.875	-29.0416666667	-21.4026489258
-34.7916666667	-29.0416666667	-25.0152816772
-34.7083333333	-29.0416666667	-27.6239013672
-34.625	-29.0416666667	-29.758934021
-34.5416666667	-29.0416666667	-29.9606781006
-34.4583333333	-29.0416666667	-27.1675949097
-34.375	-29.0416666667	-26.2254562378
-34.2916666667	-29.0416666667	-21.1383514404
-34.2083333333	-29.0416666667	-19.1377258301
-34.125	-29.0416666667	-15.720199585
-34.0416666667	-29.0416666667	-9.98225402832
-33.9583333333	-29.0416666667	-7.99601745605
-33.875	-29.0416666667	-22.12550354
-33.7916666667	-29.0416666667	-22.0218963623
-33.7083333333	-29.0416666667	-17.2447814941
-33.625	-29.0416666667	-26.6391601562
-33.5416666667	-29.0416666667	-38.7179870605
-33.4583333333	-29.0416666667	-45.1041717529
-33.375	-29.0416666667	-49.6088790894
-33.2916666667	-29.0416666667	-53.2520370483
-33.2083333333	-29.0416666667	-55.8920440674
-33.125	-29.0416666667	-61.9833679199
-33.0416666667	-29.0416666667	-68.9539108276
-32.9583333333	-29.0416666667	-73.0728759766
-32.875	-29.0416666667	-74.5150604248
-32.7916666667	-29.0416666667	-72.8010406494
-32.7083333333	-29.0416666667	-71.4085845947
-32.625	-29.0416666667	-67.2038192749
-32.5416666667	-29.0416666667	-62.6794891357
-32.4583333333	-29.0416666667	-63.0831298828
-32.375	-29.0416666667	-60.8620758057
-32.2916666667	-29.0416666667	-50.1520462036
-32.2083333333	-29.0416666667	-37.3249816895
-32.125	-29.0416666667	-35.3865814209
-32.0416666667	-29.0416666667	-41.4824523926
-31.9583333333	-29.0416666667	-36.3432846069
-31.875	-29.0416666667	-35.2155380249
-31.7916666667	-29.0416666667	-40.4640197754
-31.7083333333	-29.0416666667	-49.7277984619
-31.625	-29.0416666667	-54.9650726318
-31.5416666667	-29.0416666667	-56.3019561768
-31.4583333333	-29.0416666667	-62.1312637329
-31.375	-29.0416666667	-76.5091552734
-31.2916666667	-29.0416666667	-87.3014221191
-31.2083333333	-29.0416666667	-90.3614120483
-31.125	-29.0416666667	-91.43409729
-31.0416666667	-29.0416666667	-89.891242981
-34.9583333333	-29.125	-24.5294647217
-34.875	-29.125	-28.3944015503
-34.7916666667	-29.125	-34.2052230835
-34.7083333333	-29.125	-40.5109176636
-34.625	-29.125	-45.4253234863
-34.5416666667	-29.125	-43.0046234131
-34.4583333333	-29.125	-41.7125549316
-34.375	-29.125	-37.0275878906
-34.2916666667	-29.125	-33.4541015625
-34.2083333333	-29.125	-27.8694915771
-34.125	-29.125	-24.0478363037
-34.0416666667	-29.125	-18.3768463135
-33.9583333333	-29.125	-15.2238922119
-33.875	-29.125	-20.5939178467
-33.7916666667	-29.125	-23.5329742432
-33.7083333333	-29.125	-20.2763977051
-33.625	-29.125	-28.0152282715
-33.5416666667	-29.125	-35.5019607544
-33.4583333333	-29.125	-43.9258651733
-33.375	-29.125	-48.9245681763
-33.2916666667	-29.125	-52.9179992676
-33.2083333333	-29.125	-56.2042541504
-33.125	-29.125	-59.4548034668
-33.0416666667	-29.125	-67.0419769287
-32.9583333333	-29.125	-72.0528182983
-32.875	-29.125	-75.3961029053
-32.7916666667	-29.125	-73.9311294556
-32.7083333333	-29.125	-72.2062225342
-32.625	-29.125	-71.4716644287
-32.5416666667	-29.125	-68.2736587524
-32.4583333333	-29.125	-66.9670562744
-32.375	-29.125	-67.4268188477
-32.2916666667	-29.125	-45.4604415894
-32.2083333333	-29.125	-33.337852478
-32.125	-29.125	-34.0051269531
-32.0416666667	-29.125	-34.7067260742
-31.9583333333	-29.125	-27.4284210205
-31.875	-29.125	-25.6945114136
-31.7916666667	-29.125	-26.8431243896
-31.7083333333	-29.125	-40.3701477051
-31.625	-29.125	-48.822807312
-31.5416666667	-29.125	-56.040763855
-31.4583333333	-29.125	-61.0266265869
-31.375	-29.125	-68.0322799683
-31.2916666667	-29.125	-74.581817627
-31.2083333333	-29.125	-77.819152832
-31.125	-29.125	-75.7189483643
-31.0416666667	-29.125	-73.7199401855
-34.9583333333	-29.2083333333	-30.137512207
-34.875	-29.2083333333	-34.6573638916
-34.7916666667	-29.2083333333	-43.2133102417
-34.7083333333	-29.2083333333	-48.856338501
-34.625	-29.2083333333	-55.4486846924
-34.5416666667	-29.2083333333	-52.1986541748
-34.4583333333	-29.2083333333	-53.2793884277
-34.375	-29.2083333333	-47.6800079346
-34.2916666667	-29.2083333333	-43.732749939
-34.2083333333	-29.2083333333	-38.5724334717
-34.125	-29.2083333333	-30.1032333374
-34.0416666667	-29.2083333333	-22.7214813232
-33.9583333333	-29.2083333333	-15.0139160156
-33.875	-29.2083333333	-14.5637207031
-33.7916666667	-29.2083333333	-22.7559356689
-33.7083333333	-29.2083333333	-25.8367767334
-33.625	-29.2083333333	-29.2983932495
-33.5416666667	-29.2083333333	-32.9458236694
-33.4583333333	-29.2083333333	-40.9434738159
-33.375	-29.2083333333	-44.9138412476
-33.2916666667	-29.2083333333	-48.0385360718
-33.2083333333	-29.2083333333	-51.4976348877
-33.125	-29.2083333333	-53.7338256836
-33.0416666667	-29.2083333333	-59.5438079834
-32.9583333333	-29.2083333333	-63.0891876221
-32.875	-29.2083333333	-66.7585144043
-32.7916666667	-29.2083333333	-74.4408950806
-32.7083333333	-29.2083333333	-76.9276885986
-32.625	-29.2083333333	-77.3944244385
-32.5416666667	-29.2083333333	-71.116394043
-32.4583333333	-29.2083333333	-70.8854217529
-32.375	-29.2083333333	-63.1178817749
-32.2916666667	-29.2083333333	-45.0951919556
-32.2083333333	-29.2083333333	-28.9339141846
-32.125	-29.2083333333	-30.9306182861
-32.0416666667	-29.2083333333	-23.7372131348
-31.9583333333	-29.2083333333	-18.761932373
-31.875	-29.2083333333	-14.6650085449
-31.7916666667	-29.2083333333	-20.7680053711
-31.7083333333	-29.2083333333	-29.0854110718
-31.625	-29.2083333333	-39.2037582397
-31.5416666667	-29.2083333333	-40.2831420898
-31.4583333333	-29.2083333333	-46.8277740479
-31.375	-29.2083333333	-55.2168045044
-31.2916666667	-29.2083333333	-60.5204162598
-31.2083333333	-29.2083333333	-61.6979522705
-31.125	-29.2083333333	-61.2678070068
-31.0416666667	-29.2083333333	-59.6141815186
-34.9583333333	-29.2916666667	-38.080619812
-34.875	-29.2916666667	-44.9976425171
-34.7916666667	-29.2916666667	-52.0439300537
-34.7083333333	-29.2916666667	-60.0693206787
-34.625	-29.2916666667	-63.2052688599
-34.5416666667	-29.2916666667	-64.0882873535
-34.4583333333	-29.2916666667	-60.3974227905
-34.375	-29.2916666667	-56.3970947266
-34.2916666667	-29.2916666667	-51.758354187
-34.2083333333	-29.2916666667	-45.7430343628
-34.125	-29.2916666667	-37.498336792
-34.0416666667	-29.2916666667	-30.1046905518
-33.9583333333	-29.2916666667	-21.6944580078
-33.875	-29.2916666667	-21.2474212646
-33.7916666667	-29.2916666667	-26.2771835327
-33.7083333333	-29.2916666667	-28.9561386108
-33.625	-29.2916666667	-25.5105285645
-33.5416666667	-29.2916666667	-25.6796875
-33.4583333333	-29.2916666667	-34.787612915
-33.375	-29.2916666667	-40.4461517334
-33.2916666667	-29.2916666667	-43.0787811279
-33.2083333333	-29.2916666667	-46.3261871338
-33.125	-29.2916666667	-48.5764160156
-33.0416666667	-29.2916666667	-51.9143066406
-32.9583333333	-29.2916666667	-54.8722686768
-32.875	-29.2916666667	-59.2423019409
-32.7916666667	-29.2916666667	-64.7003631592
-32.7083333333	-29.2916666667	-73.2683639526
-32.625	-29.2916666667	-77.527961731
-32.5416666667	-29.2916666667	-70.2621612549
-32.4583333333	-29.2916666667	-63.4260101318
-32.375	-29.2916666667	-57.8344497681
-32.2916666667	-29.2916666667	-40.3591461182
-32.2083333333	-29.2916666667	-20.2075424194
-32.125	-29.2916666667	-21.3799438477
-32.0416666667	-29.2916666667	-13.8983612061
-31.9583333333	-29.2916666667	-5.89135742188
-31.875	-29.2916666667	-5.00486755371
-31.7916666667	-29.2916666667	-6.33143615723
-31.7083333333	-29.2916666667	-13.1945037842
-31.625	-29.2916666667	-19.9282531738
-31.5416666667	-29.2916666667	-21.4176483154
-31.4583333333	-29.2916666667	-30.5517730713
-31.375	-29.2916666667	-41.2359619141
-31.2916666667	-29.2916666667	-45.5313186646
-31.2083333333	-29.2916666667	-48.6237411499
-31.125	-29.2916666667	-51.1759109497
-31.0416666667	-29.2916666667	-49.6222763062
-34.9583333333	-29.375	-45.4398727417
-34.875	-29.375	-52.4269866943
-34.7916666667	-29.375	-62.0612716675
-34.7083333333	-29.375	-69.4859619141
-34.625	-29.375	-71.9778594971
-34.5416666667	-29.375	-73.2248458862
-34.4583333333	-29.375	-73.2941818237
-34.375	-29.375	-66.7820510864
-34.2916666667	-29.375	-60.15675354
-34.2083333333	-29.375	-55.16847229
-34.125	-29.375	-47.5283737183
-34.0416666667	-29.375	-40.9055938721
-33.9583333333	-29.375	-33.5155029297
-33.875	-29.375	-31.1845932007
-33.7916666667	-29.375	-35.9073638916
-33.7083333333	-29.375	-35.7453231812
-33.625	-29.375	-29.917350769
-33.5416666667	-29.375	-22.4303207397
-33.4583333333	-29.375	-26.8439559937
-33.375	-29.375	-34.6548461914
-33.2916666667	-29.375	-35.0787887573
-33.2083333333	-29.375	-39.8177947998
-33.125	-29.375	-44.3106231689
-33.0416666667	-29.375	-45.8861694336
-32.9583333333	-29.375	-52.6730575562
-32.875	-29.375	-58.2473754883
-32.7916666667	-29.375	-60.6535339355
-32.7083333333	-29.375	-64.1451644897
-32.625	-29.375	-67.8831787109
-32.5416666667	-29.375	-63.3490753174
-32.4583333333	-29.375	-55.352645874
-32.375	-29.375	-49.3134765625
-32.2916666667	-29.375	-30.1838226318
-32.2083333333	-29.375	-12.1278839111
-32.125	-29.375	-9.4789276123
-32.0416666667	-29.375	-11.4946746826
-31.9583333333	-29.375	-3.6245880127
-31.875	-29.375	3.30268859863
-31.7916666667	-29.375	2.88926696777
-31.7083333333	-29.375	5.06190490723
-31.625	-29.375	2.71096801758
-31.5416666667	-29.375	-5.49156951904
-31.4583333333	-29.375	-11.6098327637
-31.375	-29.375	-23.2312164307
-31.2916666667	-29.375	-31.89402771
-31.2083333333	-29.375	-32.9351501465
-31.125	-29.375	-32.6524200439
-31.0416666667	-29.375	-29.3952178955
-34.9583333333	-29.4583333333	-53.1890335083
-34.875	-29.4583333333	-61.325088501
-34.7916666667	-29.4583333333	-71.5037536621
-34.7083333333	-29.4583333333	-75.4173278809
-34.625	-29.4583333333	-76.4151916504
-34.5416666667	-29.4583333333	-81.7664794922
-34.4583333333	-29.4583333333	-81.1143493652
-34.375	-29.4583333333	-77.4755401611
-34.2916666667	-29.4583333333	-66.8142623901
-34.2083333333	-29.4583333333	-61.8930282593
-34.125	-29.4583333333	-57.917755127
-34.0416666667	-29.4583333333	-47.9997253418
-33.9583333333	-29.4583333333	-39.6095962524
-33.875	-29.4583333333	-37.6535339355
-33.7916666667	-29.4583333333	-38.1093444824
-33.7083333333	-29.4583333333	-39.3010177612
-33.625	-29.4583333333	-35.9139328003
-33.5416666667	-29.4583333333	-28.7881317139
-33.4583333333	-29.4583333333	-29.3693695068
-33.375	-29.4583333333	-31.6979675293
-33.2916666667	-29.4583333333	-29.6434173584
-33.2083333333	-29.4583333333	-30.1295394897
-33.125	-29.4583333333	-33.0086212158
-33.0416666667	-29.4583333333	-39.4092102051
-32.9583333333	-29.4583333333	-45.8611297607
-32.875	-29.4583333333	-51.4747848511
-32.7916666667	-29.4583333333	-56.0341796875
-32.7083333333	-29.4583333333	-57.7849349976
-32.625	-29.4583333333	-59.6290359497
-32.5416666667	-29.4583333333	-58.3820648193
-32.4583333333	-29.4583333333	-49.4154281616
-32.375	-29.4583333333	-40.0424804688
-32.2916666667	-29.4583333333	-23.38256073
-32.2083333333	-29.4583333333	-13.1108016968
-32.125	-29.4583333333	2.33074951172
-32.0416666667	-29.4583333333	-4.38716125488
-31.9583333333	-29.4583333333	-2.39631652832
-31.875	-29.4583333333	1.61866760254
-31.7916666667	-29.4583333333	4.35159301758
-31.7083333333	-29.4583333333	10.3570404053
-31.625	-29.4583333333	13.8559112549
-31.5416666667	-29.4583333333	8.93977355957
-31.4583333333	-29.4583333333	0.0674514770508
-31.375	-29.4583333333	-10.5597076416
-31.2916666667	-29.4583333333	-14.1093597412
-31.2083333333	-29.4583333333	-15.7731018066
-31.125	-29.4583333333	-17.0887908936
-31.0416666667	-29.4583333333	-13.4596557617
-34.9583333333	-29.5416666667	-61.8629074097
-34.875	-29.5416666667	-67.3917007446
-34.7916666667	-29.5416666667	-76.5301361084
-34.7083333333	-29.5416666667	-84.9092254639
-34.625	-29.5416666667	-88.9865341187
-34.5416666667	-29.5416666667	-89.7575302124
-34.4583333333	-29.5416666667	-87.1199874878
-34.375	-29.5416666667	-85.5175018311
-34.2916666667	-29.5416666667	-77.2293701172
-34.2083333333	-29.5416666667	-71.1769714355
-34.125	-29.5416666667	-67.487701416
-34.0416666667	-29.5416666667	-57.2741546631
-33.9583333333	-29.5416666667	-49.2898864746
-33.875	-29.5416666667	-44.5651855469
-33.7916666667	-29.5416666667	-39.303894043
-33.7083333333	-29.5416666667	-40.0894393921
-33.625	-29.5416666667	-38.1767807007
-33.5416666667	-29.5416666667	-39.2859039307
-33.4583333333	-29.5416666667	-34.0924377441
-33.375	-29.5416666667	-32.246963501
-33.2916666667	-29.5416666667	-29.4986495972
-33.2083333333	-29.5416666667	-24.1610412598
-33.125	-29.5416666667	-25.1381530762
-33.0416666667	-29.5416666667	-30.981590271
-32.9583333333	-29.5416666667	-34.9354782104
-32.875	-29.5416666667	-41.6868133545
-32.7916666667	-29.5416666667	-45.4211959839
-32.7083333333	-29.5416666667	-49.3839416504
-32.625	-29.5416666667	-47.520904541
-32.5416666667	-29.5416666667	-44.0828170776
-32.4583333333	-29.5416666667	-34.579574585
-32.375	-29.5416666667	-24.9820175171
-32.2916666667	-29.5416666667	-16.6153869629
-32.2083333333	-29.5416666667	-5.15446472168
-32.125	-29.5416666667	5.17149353027
-32.0416666667	-29.5416666667	2.39300537109
-31.9583333333	-29.5416666667	-5.54776000977
-31.875	-29.5416666667	-4.57922363281
-31.7916666667	-29.5416666667	-3.54556274414
-31.7083333333	-29.5416666667	7.05598449707
-31.625	-29.5416666667	11.2168121338
-31.5416666667	-29.5416666667	15.2032318115
-31.4583333333	-29.5416666667	10.8013763428
-31.375	-29.5416666667	3.32929992676
-31.2916666667	-29.5416666667	0.0335845947266
-31.2083333333	-29.5416666667	-1.67378234863
-31.125	-29.5416666667	-1.69297790527
-31.0416666667	-29.5416666667	1.06056213379
-34.9583333333	-29.625	-73.2953186035
-34.875	-29.625	-76.2784500122
-34.7916666667	-29.625	-85.4772491455
-34.7083333333	-29.625	-96.0240859985
-34.625	-29.625	-100.954475403
-34.5416666667	-29.625	-100.383842468
-34.4583333333	-29.625	-98.021156311
-34.375	-29.625	-94.0635070801
-34.2916666667	-29.625	-86.7217712402
-34.2083333333	-29.625	-80.5926818848
-34.125	-29.625	-77.1170425415
-34.0416666667	-29.625	-67.9776306152
-33.9583333333	-29.625	-58.5117950439
-33.875	-29.625	-51.8433151245
-33.7916666667	-29.625	-43.0920257568
-33.7083333333	-29.625	-39.4807128906
-33.625	-29.625	-41.4530563354
-33.5416666667	-29.625	-38.2965698242
-33.4583333333	-29.625	-32.6088180542
-33.375	-29.625	-32.3789520264
-33.2916666667	-29.625	-30.0630722046
-33.2083333333	-29.625	-25.8832321167
-33.125	-29.625	-23.7099304199
-33.0416666667	-29.625	-26.4915771484
-32.9583333333	-29.625	-26.9714889526
-32.875	-29.625	-31.6936264038
-32.7916666667	-29.625	-33.8976974487
-32.7083333333	-29.625	-40.9723434448
-32.625	-29.625	-38.3992767334
-32.5416666667	-29.625	-34.6867980957
-32.4583333333	-29.625	-28.1998138428
-32.375	-29.625	-16.5595397949
-32.2916666667	-29.625	-4.42750549316
-32.2083333333	-29.625	2.71969604492
-32.125	-29.625	9.68479919434
-32.0416666667	-29.625	8.26774597168
-31.9583333333	-29.625	-0.806091308594
-31.875	-29.625	-6.18208312988
-31.7916666667	-29.625	-9.22427368164
-31.7083333333	-29.625	1.2756652832
-31.625	-29.625	9.22625732422
-31.5416666667	-29.625	10.7665252686
-31.4583333333	-29.625	10.4366455078
-31.375	-29.625	8.59619140625
-31.2916666667	-29.625	7.12275695801
-31.2083333333	-29.625	6.19198608398
-31.125	-29.625	6.02244567871
-31.0416666667	-29.625	8.20640563965
-34.9583333333	-29.7083333333	-86.2512664795
-34.875	-29.7083333333	-90.6283187866
-34.7916666667	-29.7083333333	-96.434677124
-34.7083333333	-29.7083333333	-104.342391968
-34.625	-29.7083333333	-109.725723267
-34.5416666667	-29.7083333333	-110.722076416
-34.4583333333	-29.7083333333	-103.746459961
-34.375	-29.7083333333	-102.450378418
-34.2916666667	-29.7083333333	-98.2649765015
-34.2083333333	-29.7083333333	-90.3770980835
-34.125	-29.7083333333	-86.3878479004
-34.0416666667	-29.7083333333	-78.1663742065
-33.9583333333	-29.7083333333	-66.8654327393
-33.875	-29.7083333333	-59.7132720947
-33.7916666667	-29.7083333333	-49.0727462769
-33.7083333333	-29.7083333333	-42.8550567627
-33.625	-29.7083333333	-39.3931503296
-33.5416666667	-29.7083333333	-34.2655487061
-33.4583333333	-29.7083333333	-28.9362716675
-33.375	-29.7083333333	-28.9307250977
-33.2916666667	-29.7083333333	-27.1396484375
-33.2083333333	-29.7083333333	-26.7953796387
-33.125	-29.7083333333	-21.6605834961
-33.0416666667	-29.7083333333	-22.7010192871
-32.9583333333	-29.7083333333	-21.9874572754
-32.875	-29.7083333333	-26.5186386108
-32.7916666667	-29.7083333333	-26.8365631104
-32.7083333333	-29.7083333333	-28.4024353027
-32.625	-29.7083333333	-29.5973968506
-32.5416666667	-29.7083333333	-28.4474945068
-32.4583333333	-29.7083333333	-25.8031005859
-32.375	-29.7083333333	-14.2465515137
-32.2916666667	-29.7083333333	-2.12188720703
-32.2083333333	-29.7083333333	7.5225982666
-32.125	-29.7083333333	13.5392303467
-32.0416666667	-29.7083333333	12.5320892334
-31.9583333333	-29.7083333333	5.18388366699
-31.875	-29.7083333333	-4.86171722412
-31.7916666667	-29.7083333333	-25.0647583008
-31.7083333333	-29.7083333333	-11.7012481689
-31.625	-29.7083333333	-0.294937133789
-31.5416666667	-29.7083333333	4.0308380127
-31.4583333333	-29.7083333333	5.71755981445
-31.375	-29.7083333333	8.35234069824
-31.2916666667	-29.7083333333	8.99540710449
-31.2083333333	-29.7083333333	7.13208007812
-31.125	-29.7083333333	3.8035736084
-31.0416666667	-29.7083333333	8.67185974121
-34.9583333333	-29.7916666667	-92.4628143311
-34.875	-29.7916666667	-99.4330215454
-34.7916666667	-29.7916666667	-107.142364502
-34.7083333333	-29.7916666667	-113.242935181
-34.625	-29.7916666667	-116.487884521
-34.5416666667	-29.7916666667	-122.006530762
-34.4583333333	-29.7916666667	-117.695678711
-34.375	-29.7916666667	-113.352935791
-34.2916666667	-29.7916666667	-110.879547119
-34.2083333333	-29.7916666667	-102.657821655
-34.125	-29.7916666667	-94.1332473755
-34.0416666667	-29.7916666667	-85.0631637573
-33.9583333333	-29.7916666667	-75.5113983154
-33.875	-29.7916666667	-69.0111846924
-33.7916666667	-29.7916666667	-63.4755554199
-33.7083333333	-29.7916666667	-53.1398620605
-33.625	-29.7916666667	-47.9188537598
-33.5416666667	-29.7916666667	-41.0308227539
-33.4583333333	-29.7916666667	-34.7856674194
-33.375	-29.7916666667	-30.0172042847
-33.2916666667	-29.7916666667	-24.7115936279
-33.2083333333	-29.7916666667	-23.2671432495
-33.125	-29.7916666667	-19.6497192383
-33.0416666667	-29.7916666667	-20.5107955933
-32.9583333333	-29.7916666667	-18.0150985718
-32.875	-29.7916666667	-23.748046875
-32.7916666667	-29.7916666667	-25.0169830322
-32.7083333333	-29.7916666667	-21.8306732178
-32.625	-29.7916666667	-21.7630462646
-32.5416666667	-29.7916666667	-24.4721069336
-32.4583333333	-29.7916666667	-24.3038253784
-32.375	-29.7916666667	-14.9940109253
-32.2916666667	-29.7916666667	-2.73805236816
-32.2083333333	-29.7916666667	3.4695892334
-32.125	-29.7916666667	13.6156158447
-32.0416666667	-29.7916666667	17.3847808838
-31.9583333333	-29.7916666667	9.15103149414
-31.875	-29.7916666667	1.91244506836
-31.7916666667	-29.7916666667	-2.94899749756
-31.7083333333	-29.7916666667	-13.8597106934
-31.625	-29.7916666667	-7.35339355469
-31.5416666667	-29.7916666667	-0.602157592773
-31.4583333333	-29.7916666667	7.08227539062
-31.375	-29.7916666667	12.4834594727
-31.2916666667	-29.7916666667	13.3212890625
-31.2083333333	-29.7916666667	7.79507446289
-31.125	-29.7916666667	-0.576782226562
-31.0416666667	-29.7916666667	6.84748077393
-34.9583333333	-29.875	-100.282653809
-34.875	-29.875	-108.876861572
-34.7916666667	-29.875	-113.384552002
-34.7083333333	-29.875	-116.051116943
-34.625	-29.875	-123.487579346
-34.5416666667	-29.875	-129.15234375
-34.4583333333	-29.875	-129.911376953
-34.375	-29.875	-125.007400513
-34.2916666667	-29.875	-123.80078125
-34.2083333333	-29.875	-114.882232666
-34.125	-29.875	-102.13130188
-34.0416666667	-29.875	-93.3538208008
-33.9583333333	-29.875	-88.7239151001
-33.875	-29.875	-77.5621032715
-33.7916666667	-29.875	-73.0797271729
-33.7083333333	-29.875	-66.2722702026
-33.625	-29.875	-61.8355102539
-33.5416666667	-29.875	-52.6989746094
-33.4583333333	-29.875	-44.993270874
-33.375	-29.875	-37.744140625
-33.2916666667	-29.875	-29.8274078369
-33.2083333333	-29.875	-23.0862350464
-33.125	-29.875	-15.7619247437
-33.0416666667	-29.875	-15.069442749
-32.9583333333	-29.875	-13.7179870605
-32.875	-29.875	-18.3588562012
-32.7916666667	-29.875	-21.8861312866
-32.7083333333	-29.875	-20.1716766357
-32.625	-29.875	-18.0478973389
-32.5416666667	-29.875	-17.8029022217
-32.4583333333	-29.875	-18.0997772217
-32.375	-29.875	-14.4516220093
-32.2916666667	-29.875	-7.32704925537
-32.2083333333	-29.875	-3.2903137207
-32.125	-29.875	10.5464324951
-32.0416666667	-29.875	18.6577148438
-31.9583333333	-29.875	14.6609954834
-31.875	-29.875	9.20332336426
-31.7916666667	-29.875	4.71101379395
-31.7083333333	-29.875	-2.92956542969
-31.625	-29.875	-0.756988525391
-31.5416666667	-29.875	6.54643249512
-31.4583333333	-29.875	11.9108428955
-31.375	-29.875	17.351272583
-31.2916666667	-29.875	21.337600708
-31.2083333333	-29.875	18.0764160156
-31.125	-29.875	6.99113464355
-31.0416666667	-29.875	0.465454101562
-34.9583333333	-29.9583333333	-110.227149963
-34.875	-29.9583333333	-116.487335205
-34.7916666667	-29.9583333333	-115.120513916
-34.7083333333	-29.9583333333	-121.378204346
-34.625	-29.9583333333	-127.699981689
-34.5416666667	-29.9583333333	-133.632400513
-34.4583333333	-29.9583333333	-140.507156372
-34.375	-29.9583333333	-139.787811279
-34.2916666667	-29.9583333333	-134.966247559
-34.2083333333	-29.9583333333	-128.334503174
-34.125	-29.9583333333	-113.596923828
-34.0416666667	-29.9583333333	-103.212944031
-33.9583333333	-29.9583333333	-97.6134567261
-33.875	-29.9583333333	-89.9466018677
-33.7916666667	-29.9583333333	-80.2299346924
-33.7083333333	-29.9583333333	-74.5762557983
-33.625	-29.9583333333	-70.1012115479
-33.5416666667	-29.9583333333	-62.4529800415
-33.4583333333	-29.9583333333	-52.9497299194
-33.375	-29.9583333333	-46.5725326538
-33.2916666667	-29.9583333333	-38.6057434082
-33.2083333333	-29.9583333333	-29.4204025269
-33.125	-29.9583333333	-20.9984359741
-33.0416666667	-29.9583333333	-17.1686553955
-32.9583333333	-29.9583333333	-12.7410812378
-32.875	-29.9583333333	-15.3940048218
-32.7916666667	-29.9583333333	-18.3634872437
-32.7083333333	-29.9583333333	-19.6420288086
-32.625	-29.9583333333	-17.0677642822
-32.5416666667	-29.9583333333	-15.4499664307
-32.4583333333	-29.9583333333	-13.4562301636
-32.375	-29.9583333333	-12.392791748
-32.2916666667	-29.9583333333	-9.20951843262
-32.2083333333	-29.9583333333	-3.90507507324
-32.125	-29.9583333333	4.6262512207
-32.0416666667	-29.9583333333	14.9347381592
-31.9583333333	-29.9583333333	15.6956634521
-31.875	-29.9583333333	12.6839141846
-31.7916666667	-29.9583333333	10.357421875
-31.7083333333	-29.9583333333	6.43814086914
-31.625	-29.9583333333	10.4789276123
-31.5416666667	-29.9583333333	18.0163726807
-31.4583333333	-29.9583333333	23.5117797852
-31.375	-29.9583333333	23.9235687256
-31.2916666667	-29.9583333333	23.8663024902
-31.2083333333	-29.9583333333	23.2117614746
-31.125	-29.9583333333	17.1198425293
-31.0416666667	-29.9583333333	8.54942321777
-34.9583333333	-30.0416666667	-115.192947388
-34.875	-30.0416666667	-120.24987793
-34.7916666667	-30.0416666667	-122.813720703
-34.7083333333	-30.0416666667	-126.946411133
-34.625	-30.0416666667	-127.504638672
-34.5416666667	-30.0416666667	-131.062286377
-34.4583333333	-30.0416666667	-140.983123779
-34.375	-30.0416666667	-145.670379639
-34.2916666667	-30.0416666667	-143.690490723
-34.2083333333	-30.0416666667	-137.875167847
-34.125	-30.0416666667	-127.58984375
-34.0416666667	-30.0416666667	-116.319061279
-33.9583333333	-30.0416666667	-107.634605408
-33.875	-30.0416666667	-99.5917892456
-33.7916666667	-30.0416666667	-88.3762588501
-33.7083333333	-30.0416666667	-81.0956039429
-33.625	-30.0416666667	-74.6144866943
-33.5416666667	-30.0416666667	-67.8945999146
-33.4583333333	-30.0416666667	-62.8556671143
-33.375	-30.0416666667	-56.1124267578
-33.2916666667	-30.0416666667	-47.5604095459
-33.2083333333	-30.0416666667	-40.2495956421
-33.125	-30.0416666667	-30.5037765503
-33.0416666667	-30.0416666667	-24.3589096069
-32.9583333333	-30.0416666667	-18.6455917358
-32.875	-30.0416666667	-15.3272094727
-32.7916666667	-30.0416666667	-14.3919296265
-32.7083333333	-30.0416666667	-18.5319366455
-32.625	-30.0416666667	-17.3674240112
-32.5416666667	-30.0416666667	-13.2170715332
-32.4583333333	-30.0416666667	-10.0147247314
-32.375	-30.0416666667	-9.52191162109
-32.2916666667	-30.0416666667	-9.32196044922
-32.2083333333	-30.0416666667	-4.29406738281
-32.125	-30.0416666667	0.197525024414
-32.0416666667	-30.0416666667	11.0422668457
-31.9583333333	-30.0416666667	14.4514312744
-31.875	-30.0416666667	15.6359100342
-31.7916666667	-30.0416666667	12.8054046631
-31.7083333333	-30.0416666667	15.3419189453
-31.625	-30.0416666667	22.3721466064
-31.5416666667	-30.0416666667	25.0950775146
-31.4583333333	-30.0416666667	28.3150482178
-31.375	-30.0416666667	26.7453155518
-31.2916666667	-30.0416666667	17.1521911621
-31.2083333333	-30.0416666667	16.2395629883
-31.125	-30.0416666667	13.1440734863
-31.0416666667	-30.0416666667	13.3015289307
-34.9583333333	-30.125	-125.315597534
-34.875	-30.125	-125.22984314
-34.7916666667	-30.125	-126.832077026
-34.7083333333	-30.125	-129.472183228
-34.625	-30.125	-129.368865967
-34.5416666667	-30.125	-130.309402466
-34.4583333333	-30.125	-136.547241211
-34.375	-30.125	-144.127883911
-34.2916666667	-30.125	-144.617370605
-34.2083333333	-30.125	-142.697052002
-34.125	-30.125	-134.691314697
-34.0416666667	-30.125	-124.237579346
-33.9583333333	-30.125	-114.754638672
-33.875	-30.125	-114.69317627
-33.7916666667	-30.125	-102.629669189
-33.7083333333	-30.125	-92.1310119629
-33.625	-30.125	-81.5043334961
-33.5416666667	-30.125	-76.1544113159
-33.4583333333	-30.125	-68.7303771973
-33.375	-30.125	-61.6474380493
-33.2916666667	-30.125	-54.9948577881
-33.2083333333	-30.125	-49.4842758179
-33.125	-30.125	-40.2763061523
-33.0416666667	-30.125	-33.4673614502
-32.9583333333	-30.125	-26.3427886963
-32.875	-30.125	-19.7932128906
-32.7916666667	-30.125	-15.3295516968
-32.7083333333	-30.125	-17.9743041992
-32.625	-30.125	-20.6849822998
-32.5416666667	-30.125	-16.4851837158
-32.4583333333	-30.125	-11.2168579102
-32.375	-30.125	-9.73037719727
-32.2916666667	-30.125	-8.94648742676
-32.2083333333	-30.125	-3.92042541504
-32.125	-30.125	0.780288696289
-32.0416666667	-30.125	9.17335510254
-31.9583333333	-30.125	12.4864959717
-31.875	-30.125	16.4049377441
-31.7916666667	-30.125	14.7186584473
-31.7083333333	-30.125	18.225189209
-31.625	-30.125	26.2564849854
-31.5416666667	-30.125	30.0115814209
-31.4583333333	-30.125	33.6634521484
-31.375	-30.125	27.1167297363
-31.2916666667	-30.125	15.8956756592
-31.2083333333	-30.125	15.7407073975
-31.125	-30.125	17.4917297363
-31.0416666667	-30.125	21.5353088379
-34.9583333333	-30.2083333333	-130.452178955
-34.875	-30.2083333333	-131.685394287
-34.7916666667	-30.2083333333	-130.642196655
-34.7083333333	-30.2083333333	-130.404159546
-34.625	-30.2083333333	-130.06161499
-34.5416666667	-30.2083333333	-133.004440308
-34.4583333333	-30.2083333333	-138.632843018
-34.375	-30.2083333333	-146.195617676
-34.2916666667	-30.2083333333	-146.923217773
-34.2083333333	-30.2083333333	-142.424682617
-34.125	-30.2083333333	-140.042205811
-34.0416666667	-30.2083333333	-132.685470581
-33.9583333333	-30.2083333333	-125.082855225
-33.875	-30.2083333333	-123.758682251
-33.7916666667	-30.2083333333	-115.322982788
-33.7083333333	-30.2083333333	-102.545806885
-33.625	-30.2083333333	-92.0413894653
-33.5416666667	-30.2083333333	-84.125
-33.4583333333	-30.2083333333	-76.5126495361
-33.375	-30.2083333333	-69.366317749
-33.2916666667	-30.2083333333	-63.3557434082
-33.2083333333	-30.2083333333	-57.9733734131
-33.125	-30.2083333333	-49.3045043945
-33.0416666667	-30.2083333333	-42.8335571289
-32.9583333333	-30.2083333333	-35.4941635132
-32.875	-30.2083333333	-26.3965911865
-32.7916666667	-30.2083333333	-18.8285446167
-32.7083333333	-30.2083333333	-17.523765564
-32.625	-30.2083333333	-19.8531723022
-32.5416666667	-30.2083333333	-16.6808319092
-32.4583333333	-30.2083333333	-13.6697006226
-32.375	-30.2083333333	-9.37794494629
-32.2916666667	-30.2083333333	-8.55282592773
-32.2083333333	-30.2083333333	-5.30122375488
-32.125	-30.2083333333	0.206115722656
-32.0416666667	-30.2083333333	7.05319213867
-31.9583333333	-30.2083333333	10.2221374512
-31.875	-30.2083333333	14.5490722656
-31.7916666667	-30.2083333333	15.4014434814
-31.7083333333	-30.2083333333	16.9038848877
-31.625	-30.2083333333	24.1277923584
-31.5416666667	-30.2083333333	30.4809875488
-31.4583333333	-30.2083333333	32.5070495605
-31.375	-30.2083333333	29.4123077393
-31.2916666667	-30.2083333333	20.154510498
-31.2083333333	-30.2083333333	22.0586700439
-31.125	-30.2083333333	22.8882293701
-31.0416666667	-30.2083333333	21.131149292
-34.9583333333	-30.2916666667	-133.367218018
-34.875	-30.2916666667	-135.724990845
-34.7916666667	-30.2916666667	-135.981460571
-34.7083333333	-30.2916666667	-135.485015869
-34.625	-30.2916666667	-132.648513794
-34.5416666667	-30.2916666667	-133.708145142
-34.4583333333	-30.2916666667	-141.241516113
-34.375	-30.2916666667	-146.284317017
-34.2916666667	-30.2916666667	-148.672698975
-34.2083333333	-30.2916666667	-148.207366943
-34.125	-30.2916666667	-144.814880371
-34.0416666667	-30.2916666667	-142.832931519
-33.9583333333	-30.2916666667	-136.684112549
-33.875	-30.2916666667	-129.639526367
-33.7916666667	-30.2916666667	-121.931182861
-33.7083333333	-30.2916666667	-114.617279053
-33.625	-30.2916666667	-103.256690979
-33.5416666667	-30.2916666667	-89.1112213135
-33.4583333333	-30.2916666667	-80.4308776855
-33.375	-30.2916666667	-73.7273254395
-33.2916666667	-30.2916666667	-71.0716552734
-33.2083333333	-30.2916666667	-66.4532775879
-33.125	-30.2916666667	-58.2415084839
-33.0416666667	-30.2916666667	-49.6289596558
-32.9583333333	-30.2916666667	-44.182144165
-32.875	-30.2916666667	-35.5802841187
-32.7916666667	-30.2916666667	-25.1960754395
-32.7083333333	-30.2916666667	-21.4144134521
-32.625	-30.2916666667	-18.4124069214
-32.5416666667	-30.2916666667	-16.5899505615
-32.4583333333	-30.2916666667	-16.5446624756
-32.375	-30.2916666667	-9.90310668945
-32.2916666667	-30.2916666667	-7.59915161133
-32.2083333333	-30.2916666667	-6.2442779541
-32.125	-30.2916666667	-2.42625427246
-32.0416666667	-30.2916666667	3.62406921387
-31.9583333333	-30.2916666667	8.1040802002
-31.875	-30.2916666667	10.1181488037
-31.7916666667	-30.2916666667	11.3576202393
-31.7083333333	-30.2916666667	15.1979217529
-31.625	-30.2916666667	18.6648406982
-31.5416666667	-30.2916666667	24.9075927734
-31.4583333333	-30.2916666667	29.6200408936
-31.375	-30.2916666667	27.3026580811
-31.2916666667	-30.2916666667	16.4346923828
-31.2083333333	-30.2916666667	18.9580841064
-31.125	-30.2916666667	20.6379241943
-31.0416666667	-30.2916666667	17.6930084229
-34.9583333333	-30.375	-136.68145752
-34.875	-30.375	-137.308105469
-34.7916666667	-30.375	-139.486877441
-34.7083333333	-30.375	-141.990585327
-34.625	-30.375	-142.343460083
-34.5416666667	-30.375	-142.164596558
-34.4583333333	-30.375	-147.549835205
-34.375	-30.375	-151.047088623
-34.2916666667	-30.375	-151.377258301
-34.2083333333	-30.375	-152.682922363
-34.125	-30.375	-148.398254395
-34.0416666667	-30.375	-145.032852173
-33.9583333333	-30.375	-138.080871582
-33.875	-30.375	-132.398025513
-33.7916666667	-30.375	-128.206130981
-33.7083333333	-30.375	-121.471969604
-33.625	-30.375	-112.273864746
-33.5416666667	-30.375	-100.866241455
-33.4583333333	-30.375	-90.548034668
-33.375	-30.375	-80.0047836304
-33.2916666667	-30.375	-77.2046661377
-33.2083333333	-30.375	-73.0334320068
-33.125	-30.375	-68.1026229858
-33.0416666667	-30.375	-54.957572937
-32.9583333333	-30.375	-47.7594909668
-32.875	-30.375	-41.8047332764
-32.7916666667	-30.375	-35.897819519
-32.7083333333	-30.375	-28.7227401733
-32.625	-30.375	-19.7283554077
-32.5416666667	-30.375	-19.2839202881
-32.4583333333	-30.375	-20.0738449097
-32.375	-30.375	-14.7492980957
-32.2916666667	-30.375	-10.7576293945
-32.2083333333	-30.375	-8.80033874512
-32.125	-30.375	-5.28073120117
-32.0416666667	-30.375	-1.81103515625
-31.9583333333	-30.375	3.3694152832
-31.875	-30.375	8.22050476074
-31.7916666667	-30.375	12.3488616943
-31.7083333333	-30.375	15.5634613037
-31.625	-30.375	16.235824585
-31.5416666667	-30.375	21.8988494873
-31.4583333333	-30.375	24.0210723877
-31.375	-30.375	22.4692382812
-31.2916666667	-30.375	16.2313232422
-31.2083333333	-30.375	14.5450592041
-31.125	-30.375	18.56690979
-31.0416666667	-30.375	21.088394165
-34.9583333333	-30.4583333333	-140.831802368
-34.875	-30.4583333333	-143.153915405
-34.7916666667	-30.4583333333	-143.44078064
-34.7083333333	-30.4583333333	-143.392608643
-34.625	-30.4583333333	-145.119003296
-34.5416666667	-30.4583333333	-145.26940918
-34.4583333333	-30.4583333333	-148.783279419
-34.375	-30.4583333333	-152.679840088
-34.2916666667	-30.4583333333	-152.758361816
-34.2083333333	-30.4583333333	-153.190383911
-34.125	-30.4583333333	-150.617660522
-34.0416666667	-30.4583333333	-147.688034058
-33.9583333333	-30.4583333333	-139.886505127
-33.875	-30.4583333333	-138.638427734
-33.7916666667	-30.4583333333	-136.171859741
-33.7083333333	-30.4583333333	-128.344985962
-33.625	-30.4583333333	-116.367080688
-33.5416666667	-30.4583333333	-108.788619995
-33.4583333333	-30.4583333333	-102.262382507
-33.375	-30.4583333333	-94.4995117188
-33.2916666667	-30.4583333333	-89.0786132812
-33.2083333333	-30.4583333333	-84.4492492676
-33.125	-30.4583333333	-77.5063018799
-33.0416666667	-30.4583333333	-67.250869751
-32.9583333333	-30.4583333333	-54.8438949585
-32.875	-30.4583333333	-47.1638183594
-32.7916666667	-30.4583333333	-45.1557846069
-32.7083333333	-30.4583333333	-38.8894042969
-32.625	-30.4583333333	-29.6357955933
-32.5416666667	-30.4583333333	-24.7885131836
-32.4583333333	-30.4583333333	-23.4818572998
-32.375	-30.4583333333	-19.151512146
-32.2916666667	-30.4583333333	-16.7308349609
-32.2083333333	-30.4583333333	-12.8602905273
-32.125	-30.4583333333	-10.8387298584
-32.0416666667	-30.4583333333	-6.42747497559
-31.9583333333	-30.4583333333	-3.96675109863
-31.875	-30.4583333333	1.40489196777
-31.7916666667	-30.4583333333	8.81736755371
-31.7083333333	-30.4583333333	14.4583129883
-31.625	-30.4583333333	16.6614837646
-31.5416666667	-30.4583333333	20.4937286377
-31.4583333333	-30.4583333333	21.8063201904
-31.375	-30.4583333333	23.0118103027
-31.2916666667	-30.4583333333	18.5555725098
-31.2083333333	-30.4583333333	11.402053833
-31.125	-30.4583333333	12.2090301514
-31.0416666667	-30.4583333333	21.4726104736
-34.9583333333	-30.5416666667	-147.120559692
-34.875	-30.5416666667	-147.314193726
-34.7916666667	-30.5416666667	-147.17930603
-34.7083333333	-30.5416666667	-141.568481445
-34.625	-30.5416666667	-143.602661133
-34.5416666667	-30.5416666667	-144.257644653
-34.4583333333	-30.5416666667	-146.35118103
-34.375	-30.5416666667	-149.560699463
-34.2916666667	-30.5416666667	-149.677642822
-34.2083333333	-30.5416666667	-147.708892822
-34.125	-30.5416666667	-148.760040283
-34.0416666667	-30.5416666667	-146.76473999
-33.9583333333	-30.5416666667	-143.931976318
-33.875	-30.5416666667	-141.138183594
-33.7916666667	-30.5416666667	-137.704910278
-33.7083333333	-30.5416666667	-131.163085938
-33.625	-30.5416666667	-122.119018555
-33.5416666667	-30.5416666667	-114.104522705
-33.4583333333	-30.5416666667	-108.625366211
-33.375	-30.5416666667	-104.059547424
-33.2916666667	-30.5416666667	-98.8594360352
-33.2083333333	-30.5416666667	-93.9097137451
-33.125	-30.5416666667	-86.6926269531
-33.0416666667	-30.5416666667	-77.0532836914
-32.9583333333	-30.5416666667	-65.8706207275
-32.875	-30.5416666667	-57.4103546143
-32.7916666667	-30.5416666667	-49.8323516846
-32.7083333333	-30.5416666667	-44.4956665039
-32.625	-30.5416666667	-40.6764221191
-32.5416666667	-30.5416666667	-34.0063171387
-32.4583333333	-30.5416666667	-30.2776031494
-32.375	-30.5416666667	-24.8178939819
-32.2916666667	-30.5416666667	-21.5550537109
-32.2083333333	-30.5416666667	-18.7642364502
-32.125	-30.5416666667	-18.2281494141
-32.0416666667	-30.5416666667	-14.2669372559
-31.9583333333	-30.5416666667	-10.5226745605
-31.875	-30.5416666667	-5.13026428223
-31.7916666667	-30.5416666667	2.8101348877
-31.7083333333	-30.5416666667	7.7156829834
-31.625	-30.5416666667	12.8402862549
-31.5416666667	-30.5416666667	18.5684661865
-31.4583333333	-30.5416666667	23.7321166992
-31.375	-30.5416666667	29.5768737793
-31.2916666667	-30.5416666667	26.03074646
-31.2083333333	-30.5416666667	17.5583648682
-31.125	-30.5416666667	8.19105529785
-31.0416666667	-30.5416666667	7.94194030762
-34.9583333333	-30.625	-150.951553345
-34.875	-30.625	-150.594421387
-34.7916666667	-30.625	-147.84362793
-34.7083333333	-30.625	-142.389770508
-34.625	-30.625	-140.424621582
-34.5416666667	-30.625	-143.530105591
-34.4583333333	-30.625	-144.792861938
-34.375	-30.625	-143.700927734
-34.2916666667	-30.625	-143.332748413
-34.2083333333	-30.625	-142.029754639
-34.125	-30.625	-143.108016968
-34.0416666667	-30.625	-142.192611694
-33.9583333333	-30.625	-141.789627075
-33.875	-30.625	-140.276000977
-33.7916666667	-30.625	-137.941345215
-33.7083333333	-30.625	-132.763076782
-33.625	-30.625	-123.861572266
-33.5416666667	-30.625	-116.872467041
-33.4583333333	-30.625	-114.478149414
-33.375	-30.625	-109.172180176
-33.2916666667	-30.625	-104.869796753
-33.2083333333	-30.625	-100.9478302
-33.125	-30.625	-92.017829895
-33.0416666667	-30.625	-81.1118087769
-32.9583333333	-30.625	-75.28881073
-32.875	-30.625	-65.174079895
-32.7916666667	-30.625	-56.993057251
-32.7083333333	-30.625	-50.7819442749
-32.625	-30.625	-47.2056884766
-32.5416666667	-30.625	-43.0404052734
-32.4583333333	-30.625	-38.18309021
-32.375	-30.625	-32.0664291382
-32.2916666667	-30.625	-27.7358016968
-32.2083333333	-30.625	-26.9273376465
-32.125	-30.625	-26.5319824219
-32.0416666667	-30.625	-21.8852157593
-31.9583333333	-30.625	-17.2727203369
-31.875	-30.625	-11.6128845215
-31.7916666667	-30.625	-3.56353759766
-31.7083333333	-30.625	0.912628173828
-31.625	-30.625	6.52223205566
-31.5416666667	-30.625	14.7140350342
-31.4583333333	-30.625	19.9156799316
-31.375	-30.625	29.4755554199
-31.2916666667	-30.625	32.4732513428
-31.2083333333	-30.625	24.9112091064
-31.125	-30.625	13.1186828613
-31.0416666667	-30.625	0.982620239258
-34.9583333333	-30.7083333333	-150.146865845
-34.875	-30.7083333333	-152.88973999
-34.7916666667	-30.7083333333	-153.535095215
-34.7083333333	-30.7083333333	-147.779174805
-34.625	-30.7083333333	-142.253204346
-34.5416666667	-30.7083333333	-142.50843811
-34.4583333333	-30.7083333333	-140.823806763
-34.375	-30.7083333333	-140.355545044
-34.2916666667	-30.7083333333	-139.946670532
-34.2083333333	-30.7083333333	-141.069732666
-34.125	-30.7083333333	-139.974685669
-34.0416666667	-30.7083333333	-140.56980896
-33.9583333333	-30.7083333333	-140.305023193
-33.875	-30.7083333333	-140.221481323
-33.7916666667	-30.7083333333	-136.2628479
-33.7083333333	-30.7083333333	-133.600616455
-33.625	-30.7083333333	-128.014923096
-33.5416666667	-30.7083333333	-122.1431427
-33.4583333333	-30.7083333333	-120.266662598
-33.375	-30.7083333333	-113.90776062
-33.2916666667	-30.7083333333	-108.928497314
-33.2083333333	-30.7083333333	-103.428352356
-33.125	-30.7083333333	-96.2444763184
-33.0416666667	-30.7083333333	-87.4911117554
-32.9583333333	-30.7083333333	-81.7435073853
-32.875	-30.7083333333	-75.225479126
-32.7916666667	-30.7083333333	-69.8156661987
-32.7083333333	-30.7083333333	-63.9175567627
-32.625	-30.7083333333	-57.2223968506
-32.5416666667	-30.7083333333	-51.4736557007
-32.4583333333	-30.7083333333	-46.6314926147
-32.375	-30.7083333333	-38.0619430542
-32.2916666667	-30.7083333333	-35.7604522705
-32.2083333333	-30.7083333333	-34.862197876
-32.125	-30.7083333333	-33.078666687
-32.0416666667	-30.7083333333	-30.0152587891
-31.9583333333	-30.7083333333	-25.1831893921
-31.875	-30.7083333333	-20.5692672729
-31.7916666667	-30.7083333333	-9.03224182129
-31.7083333333	-30.7083333333	-2.28327941895
-31.625	-30.7083333333	1.49356079102
-31.5416666667	-30.7083333333	7.16801452637
-31.4583333333	-30.7083333333	17.0390625
-31.375	-30.7083333333	26.0709686279
-31.2916666667	-30.7083333333	30.4684295654
-31.2083333333	-30.7083333333	30.2239379883
-31.125	-30.7083333333	16.8141021729
-31.0416666667	-30.7083333333	1.10001373291
-34.9583333333	-30.7916666667	-157.530990601
-34.875	-30.7916666667	-156.551513672
-34.7916666667	-30.7916666667	-153.355026245
-34.7083333333	-30.7916666667	-150.497131348
-34.625	-30.7916666667	-147.993591309
-34.5416666667	-30.7916666667	-146.109329224
-34.4583333333	-30.7916666667	-143.997711182
-34.375	-30.7916666667	-140.158843994
-34.2916666667	-30.7916666667	-137.965377808
-34.2083333333	-30.7916666667	-141.263519287
-34.125	-30.7916666667	-140.530059814
-34.0416666667	-30.7916666667	-143.669723511
-33.9583333333	-30.7916666667	-143.495437622
-33.875	-30.7916666667	-141.45501709
-33.7916666667	-30.7916666667	-138.312316895
-33.7083333333	-30.7916666667	-134.269378662
-33.625	-30.7916666667	-130.231079102
-33.5416666667	-30.7916666667	-127.265518188
-33.4583333333	-30.7916666667	-123.401016235
-33.375	-30.7916666667	-117.129394531
-33.2916666667	-30.7916666667	-114.122665405
-33.2083333333	-30.7916666667	-108.671936035
-33.125	-30.7916666667	-103.551460266
-33.0416666667	-30.7916666667	-97.3731079102
-32.9583333333	-30.7916666667	-89.2660369873
-32.875	-30.7916666667	-84.4145965576
-32.7916666667	-30.7916666667	-81.1773223877
-32.7083333333	-30.7916666667	-76.9428100586
-32.625	-30.7916666667	-69.680557251
-32.5416666667	-30.7916666667	-61.2933349609
-32.4583333333	-30.7916666667	-51.1666107178
-32.375	-30.7916666667	-45.7594223022
-32.2916666667	-30.7916666667	-44.0110321045
-32.2083333333	-30.7916666667	-41.3663635254
-32.125	-30.7916666667	-40.4095153809
-32.0416666667	-30.7916666667	-38.793510437
-31.9583333333	-30.7916666667	-34.840927124
-31.875	-30.7916666667	-31.7646408081
-31.7916666667	-30.7916666667	-20.8256378174
-31.7083333333	-30.7916666667	-11.6008911133
-31.625	-30.7916666667	-2.13702392578
-31.5416666667	-30.7916666667	-0.907287597656
-31.4583333333	-30.7916666667	9.97584533691
-31.375	-30.7916666667	17.5521850586
-31.2916666667	-30.7916666667	21.3978424072
-31.2083333333	-30.7916666667	24.598236084
-31.125	-30.7916666667	18.6788330078
-31.0416666667	-30.7916666667	7.51281738281
-34.9583333333	-30.875	-164.861679077
-34.875	-30.875	-160.544509888
-34.7916666667	-30.875	-151.702987671
-34.7083333333	-30.875	-151.152374268
-34.625	-30.875	-149.96987915
-34.5416666667	-30.875	-142.591506958
-34.4583333333	-30.875	-142.806991577
-34.375	-30.875	-143.654464722
-34.2916666667	-30.875	-141.711334229
-34.2083333333	-30.875	-140.632720947
-34.125	-30.875	-142.168792725
-34.0416666667	-30.875	-144.363616943
-33.9583333333	-30.875	-144.328445435
-33.875	-30.875	-142.257400513
-33.7916666667	-30.875	-138.501586914
-33.7083333333	-30.875	-131.802459717
-33.625	-30.875	-130.787643433
-33.5416666667	-30.875	-127.744949341
-33.4583333333	-30.875	-125.195205688
-33.375	-30.875	-122.260650635
-33.2916666667	-30.875	-118.219284058
-33.2083333333	-30.875	-113.482086182
-33.125	-30.875	-110.070663452
-33.0416666667	-30.875	-105.542007446
-32.9583333333	-30.875	-99.7035903931
-32.875	-30.875	-95.6576766968
-32.7916666667	-30.875	-90.1942520142
-32.7083333333	-30.875	-86.2297058105
-32.625	-30.875	-81.8230743408
-32.5416666667	-30.875	-72.0000839233
-32.4583333333	-30.875	-61.0539855957
-32.375	-30.875	-52.8531570435
-32.2916666667	-30.875	-54.0001831055
-32.2083333333	-30.875	-51.4768218994
-32.125	-30.875	-49.3120574951
-32.0416666667	-30.875	-44.7988128662
-31.9583333333	-30.875	-40.3692169189
-31.875	-30.875	-37.5293807983
-31.7916666667	-30.875	-30.6562728882
-31.7083333333	-30.875	-22.8882064819
-31.625	-30.875	-11.274597168
-31.5416666667	-30.875	-3.39486694336
-31.4583333333	-30.875	1.86959838867
-31.375	-30.875	9.53926086426
-31.2916666667	-30.875	12.2819366455
-31.2083333333	-30.875	16.1487579346
-31.125	-30.875	14.6359405518
-31.0416666667	-30.875	10.4257659912
-34.9583333333	-30.9583333333	-163.787719727
-34.875	-30.9583333333	-167.664627075
-34.7916666667	-30.9583333333	-165.684234619
-34.7083333333	-30.9583333333	-160.816589355
-34.625	-30.9583333333	-154.799713135
-34.5416666667	-30.9583333333	-149.66003418
-34.4583333333	-30.9583333333	-148.002410889
-34.375	-30.9583333333	-141.633758545
-34.2916666667	-30.9583333333	-143.201156616
-34.2083333333	-30.9583333333	-141.085037231
-34.125	-30.9583333333	-143.16368103
-34.0416666667	-30.9583333333	-142.582824707
-33.9583333333	-30.9583333333	-141.521408081
-33.875	-30.9583333333	-142.037139893
-33.7916666667	-30.9583333333	-139.468490601
-33.7083333333	-30.9583333333	-136.025985718
-33.625	-30.9583333333	-135.986373901
-33.5416666667	-30.9583333333	-132.046157837
-33.4583333333	-30.9583333333	-130.938552856
-33.375	-30.9583333333	-127.513290405
-33.2916666667	-30.9583333333	-122.490264893
-33.2083333333	-30.9583333333	-119.232833862
-33.125	-30.9583333333	-115.384185791
-33.0416666667	-30.9583333333	-110.631576538
-32.9583333333	-30.9583333333	-106.10005188
-32.875	-30.9583333333	-102.42086792
-32.7916666667	-30.9583333333	-100.947219849
-32.7083333333	-30.9583333333	-95.9148101807
-32.625	-30.9583333333	-92.3625564575
-32.5416666667	-30.9583333333	-83.8675689697
-32.4583333333	-30.9583333333	-76.1087493896
-32.375	-30.9583333333	-64.8772201538
-32.2916666667	-30.9583333333	-60.784324646
-32.2083333333	-30.9583333333	-59.0896911621
-32.125	-30.9583333333	-54.3987045288
-32.0416666667	-30.9583333333	-48.9245300293
-31.9583333333	-30.9583333333	-46.2658996582
-31.875	-30.9583333333	-42.2129058838
-31.7916666667	-30.9583333333	-37.3132858276
-31.7083333333	-30.9583333333	-31.101272583
-31.625	-30.9583333333	-22.7217330933
-31.5416666667	-30.9583333333	-11.8956604004
-31.4583333333	-30.9583333333	-4.90296936035
-31.375	-30.9583333333	2.77770996094
-31.2916666667	-30.9583333333	5.21119689941
-31.2083333333	-30.9583333333	6.20823669434
-31.125	-30.9583333333	7.42024230957
-31.0416666667	-30.9583333333	8.64477539062
